{"radius_of_giration": [53.677, 25.126, 33.831, 35.126, 33.69, 23.531, 26.995, 26.47, 34.745, 43.603, 33.403, 23.603, 35.256, 29.374, 28.826, 24.407, 25.14, 34.954, 24.03, 36.464, 38.527, 35.283, 33.886, 35.738, 21.834, 26.373, 25.454, 37.557, 46.892, 38.28, 32.038, 32.926, 22.372, 42.872, 31.647, 27.63, 23.267, 49.753, 32.263, 33.766, 32.28, 50.784, 21.194, 43.923, 37.841, 37.107, 37.115, 30.996, 31.005, 36.862, 31.598, 29.851, 24.526, 24.962, 24.111, 31.707, 32.344, 29.006, 43.116, 38.887, 50.243, 45.597, 37.189, 29.472, 46.216, 42.415, 26.388, 20.558, 24.446, 45.715, 27.489, 29.096, 32.171, 39.551, 30.479, 31.147, 28.996, 28.199, 40.152, 33.35, 41.034, 35.32, 33.41, 24.347, 53.911, 25.199, 26.266, 32.365, 32.153, 32.427, 34.494, 19.264, 27.251, 35.441, 26.791, 29.043, 38.287, 30.666, 40.036, 26.618, 33.092, 38.009, 22.952, 30.726, 32.242, 26.971, 50.149, 37.457, 43.342, 29.936, 42.793, 27.583, 36.223, 35.829, 27.23, 20.634, 24.886, 37.924, 25.78, 24.032, 22.674, 42.908, 25.439, 26.866, 27.862, 28.773, 34.294, 27.983, 28.212, 39.275, 40.866, 29.262, 34.045, 28.152, 34.28, 28.18, 51.676, 36.825, 44.963, 31.258, 27.562, 36.536, 24.952, 35.872, 43.404, 29.672, 32.088, 27.585, 36.775, 42.827, 29.308, 35.869, 36.146, 41.647, 35.649, 63.465, 31.592, 27.787, 28.644, 27.881, 27.805, 35.636, 27.23, 28.128, 41.182, 39.926, 35.201, 34.279, 27.649, 32.586, 34.855, 37.231, 33.703, 30.257, 22.787, 32.95, 29.436, 33.344, 40.466, 49.253, 46.339, 33.089, 37.435, 46.548, 40.217, 31.059, 26.851, 26.851, 28.767, 28.427, 31.563, 34.857, 33.309, 20.813, 27.174, 26.763, 36.578, 43.182, 40.465, 40.409], "ss_entropy": [0.0, 0.167944147734173, 0.1985152433458726, 0.22696752250060448, 0.1835211367833753, 0.11690684913753106, 0.167944147734173, 0.24050910155399824, 0.13474216817976675, 0.167944147734173, 0.098039113279732, 0.2129821973127643, 0.11690684913753106, 0.25363894692169137, 0.1835211367833753, 0.24050910155399824, 0.11690684913753106, 0.167944147734173, 0.1985152433458726, 0.1517144790378862, 0.25363894692169137, 0.1985152433458726, 0.1835211367833753, 0.13474216817976675, 0.2663844632679204, 0.1985152433458726, 0.13474216817976675, 0.056001534354847345, 0.1835211367833753, 0.11690684913753106, 0.49339233174026287, 0.1835211367833753, 0.29081440245335816, 0.07788250941109637, 0.1835211367833753, 0.0, 0.0, 0.098039113279732, 0.0, 0.07788250941109637, 0.0, 0.056001534354847345, 0.03147906594716675, 0.056001534354847345, 0.2129821973127643, 0.0, 0.056001534354847345, 0.056001534354847345, 0.4558862130273584, 0.13474216817976675, 0.6504870093850912, 0.6923469670899615, 0.25363894692169137, 0.07788250941109637, 0.41393713039022373, 0.0, 0.167944147734173, 0.056001534354847345, 0.40496348506393853, 0.2663844632679204, 0.13474216817976675, 0.0, 0.11690684913753106, 0.1482590044457559, 0.03147906594716675, 0.1482590044457559, 0.03147906594716675, 0.03147906594716675, 0.056001534354847345, 0.35759127073059305, 0.056001534354847345, 0.49391828595855014, 0.13373214081276247, 0.3339327117233709, 0.11190205689093088, 0.7421667371998113, 0.26841509797948826, 0.07788250941109637, 0.36735388217204734, 0.21216427435664187, 0.07788250941109637, 0.17561626270240271, 0.12941690972598574, 0.11690684913753106, 0.5439229312261439, 0.21443440773025485, 0.39356402473052593, 0.2992619062037771, 0.3141230258900314, 0.11690684913753106, 0.28381720031095214, 0.11690684913753106, 0.2508777054289805, 0.267719118460096, 0.3687075923685437, 0.11690684913753106, 0.28381720031095214, 0.23317260237386989, 0.1482590044457559, 0.0], "median_solvent_accessibility": [0.8333333333333334, 0.8, 0.7857142857142857, 0.7928571428571429, 0.8, 0.861904761904762, 0.7, 0.6666666666666667, 0.7142857142857143, 0.6666666666666667, 0.5505050505050505, 0.6076923076923078, 0.6153846153846154, 0.5833333333333333, 0.5833333333333333, 0.6, 0.5454545454545454, 0.5, 0.5555555555555556, 0.5454545454545454, 0.5714285714285714, 0.5454545454545454, 0.5833333333333333, 0.5833333333333333, 0.5833333333333333, 0.5833333333333333, 0.6201923076923077, 0.6, 0.6666666666666667, 0.6666666666666667, 0.75, 0.6428571428571428, 0.75, 0.7182539682539683, 0.7573529411764706, 0.7692307692307692, 0.8181818181818181, 0.8, 0.7692307692307692, 0.7777777777777778, 0.8, 0.7777777777777778, 0.8333333333333334, 0.7692307692307692, 0.7596153846153846, 0.7272727272727273, 0.6923076923076923, 0.7416666666666667, 0.75, 0.6428571428571428, 0.75, 0.7142857142857143, 0.6666666666666667, 0.75, 0.6363636363636364, 0.6666666666666667, 0.7303030303030303, 0.75, 0.8, 0.7, 0.7272727272727273, 0.7692307692307692, 0.75, 0.7777777777777778, 0.8257575757575757, 0.6666666666666667, 0.7416666666666667, 0.8333333333333334, 0.7142857142857143, 0.7272727272727273, 0.7303030303030303, 0.820855614973262, 0.6666666666666667, 0.7272727272727273, 0.7142857142857143, 0.7272727272727273, 0.6666666666666667, 0.7, 0.7, 0.7207792207792207, 0.75, 0.8, 0.5694444444444444, 0.7692307692307692, 0.6923076923076923, 0.7, 0.8, 0.7, 0.7303030303030303, 0.7386363636363636, 0.6666666666666667, 0.7, 0.7142857142857143, 0.7207792207792207, 0.75, 0.7596153846153846, 0.80625, 0.8888888888888888, 0.9258241758241759, 0.9], "median_rsmd": [2.7038904492569804, 2.1095142301549235, 1.6745609721494732, 2.1417220574135514, 1.9714617389369407, 2.031820892191596, 2.208677965140716, 2.22145941513954, 2.1179480668792148, 2.6567626681210768, 2.167292968876451, 2.203740691230868, 2.4014221891459413, 2.291073053372227, 1.986074691061745, 1.7410073291449704, 1.9062396379338327, 55.06329032785801, 67.13098903787092, 67.20445321719295, 54.54514302419713, 2.1066337623982325, 2.038814152028629, 1.9370495952163505, 2.115145196164079, 1.9929594971172357, 1.8245353142900533, 1.9517786575394482, 1.910933410084746, 1.9253709857624444, 1.8293180350330542, 1.6875258268569115, 1.521388014935707, 0.9620377089728689, 1.6911566693782065, 2.0217541392977463, 0.7585279902531411, 0.7953375839493296, 1.3328612251712768, 1.7094688466000814, 1.3599901667668945, 1.027209023265216, 1.01610246693058, 1.2116644937271994, 1.4304248660606005, 1.4274663231211253, 1.579993986694728, 1.636756836546425, 2.0013567401239203, 1.8377369640800942, 1.5732910453489706, 1.7426364270320678, 1.2848082367535205, 1.1656192008734836, 1.3309699851547927, 1.6800972607071298, 1.9164097587412858, 1.8423070673117456, 1.6729515476683035, 1.1136479447703667, 1.216500536779948, 1.1683584019744002, 1.0476798459478707, 1.108635432911828, 1.072144785205102, 1.005531188815153, 2.528233050203212, 2.156794029645488, 1.5451254080239858, 1.8693342986050077, 1.8049550023888044, 1.718595072691132, 1.880414049216384, 2.0075445933735208, 1.561301133377738, 1.3146130321697618, 1.7334152297044079, 1.9469371236990156, 2.06297594267823, 1.708085638743784, 1.7253258018612119, 1.5898794064272843, 1.4307710420718966, 1.5472044243241103, 1.739509964602895, 2.428019551638695, 2.3365530269103143, 1.699902011717958, 1.3136610948808616, 1.7771163864544055, 1.874046378992275, 1.8985313249517586, 1.8577873258896505, 1.8102348005941038, 1.7161082561710133], "median_distance": [[0.0, 3.7856605052948, 6.321020126342773, 8.75256633758545, 11.128005981445312, 12.38708782196045, 12.989967346191406, 13.665087223052979, 15.514761447906494, 16.791903495788574, 17.270771026611328, 18.418161392211914, 20.52116870880127, 20.77944564819336, 21.399810791015625, 23.362792015075684, 24.753111839294434, 25.208992958068848, 26.475099563598633, 28.503336906433105, 29.21775531768799, 30.38426685333252, 32.047152519226074, 33.184730529785156, 34.69928169250488, 35.73789024353027, 37.67267417907715, 38.97371292114258, 39.405616760253906, 40.605825424194336, 40.9657096862793, 41.94175338745117, 42.52104568481445, 42.83553123474121, 42.25653076171875, 44.33596992492676, 44.74224853515625, 46.15297317504883, 47.76802444458008, 47.03153991699219, 48.52834701538086, 48.71942138671875, 50.12066078186035, 51.93682861328125, 53.036752700805664, 54.581281661987305, 55.778860092163086, 56.793392181396484, 58.10452461242676, 59.61370086669922, 60.183061599731445, 61.05727195739746, 61.61390686035156, 60.792245864868164, 60.92828369140625, 60.55015182495117, 61.55479049682617, 61.73360633850098, 61.55350685119629, 63.0364875793457, 61.78933334350586, 62.34244346618652, 62.164791107177734, 62.99126625061035, 62.69345664978027, 62.49864959716797, 64.24312210083008, 64.1683235168457, 64.01607322692871, 65.21723556518555, 65.61547470092773, 65.415771484375, 65.62859344482422, 65.67833709716797, 66.20801544189453, 66.92253494262695, 66.88529205322266, 67.0574836730957, 68.09423446655273, 69.11322021484375, 69.56986618041992, 69.17939376831055, 70.07209777832031, 70.43138122558594, 70.92057800292969, 71.92093276977539, 71.92804336547852, 71.93958282470703, 71.84621047973633, 73.21183013916016, 74.02027893066406, 73.60407257080078, 74.18396759033203, 73.90461730957031, 74.19660186767578, 74.4734878540039, 73.99536895751953, 74.66679000854492, 73.85182189941406, 72.09437942504883], [3.7856605052948, 0.0, 3.785585403442383, 6.296743631362915, 8.694530010223389, 10.184004783630371, 10.627578735351562, 11.50252628326416, 13.464990139007568, 14.646035194396973, 15.394031047821045, 16.740674018859863, 18.462413787841797, 19.420366287231445, 20.051584243774414, 21.733596801757812, 22.865829467773438, 23.626237869262695, 24.963820457458496, 26.880769729614258, 27.827781677246094, 28.967548370361328, 30.59182643890381, 32.227705001831055, 33.455963134765625, 34.658897399902344, 36.08206558227539, 37.35159683227539, 38.321712493896484, 39.9707145690918, 40.79533767700195, 40.56774139404297, 41.73638343811035, 42.48268127441406, 42.24281120300293, 43.19839859008789, 43.7516975402832, 45.43490982055664, 46.79776573181152, 45.78976058959961, 47.28878593444824, 48.15359306335449, 48.813127517700195, 49.78114891052246, 51.91834259033203, 53.391889572143555, 53.93257713317871, 55.74987030029297, 56.52016830444336, 57.590972900390625, 58.938621520996094, 59.69618606567383, 60.682682037353516, 59.721750259399414, 60.35688781738281, 60.733314514160156, 61.04919624328613, 60.580474853515625, 60.86867141723633, 61.56955337524414, 60.69915199279785, 61.18389892578125, 61.73038291931152, 62.46841812133789, 62.565311431884766, 62.080928802490234, 62.87952423095703, 63.73971366882324, 64.29618835449219, 65.52717971801758, 66.04372024536133, 64.8697509765625, 65.13340377807617, 65.3045539855957, 65.85760879516602, 66.98493194580078, 66.94607543945312, 66.64067077636719, 68.20920944213867, 69.11438369750977, 69.41839981079102, 68.8388557434082, 69.70920944213867, 70.04905700683594, 68.79274368286133, 70.00958633422852, 70.86502456665039, 71.30416107177734, 72.38507461547852, 72.83647537231445, 72.9110336303711, 73.20160293579102, 73.7453384399414, 73.59331512451172, 73.69528198242188, 73.45973587036133, 73.72358322143555, 73.31285858154297, 72.57716751098633, 71.15962982177734], [6.321020126342773, 3.785585403442383, 0.0, 3.785647988319397, 6.243371486663818, 8.325477123260498, 8.684991359710693, 9.422097206115723, 10.986539363861084, 13.080808639526367, 13.845459461212158, 14.727437019348145, 16.302668571472168, 17.75147533416748, 18.744762420654297, 20.2071475982666, 21.113165855407715, 22.122840881347656, 23.64071559906006, 25.31210231781006, 26.29874038696289, 27.299704551696777, 28.957870483398438, 30.446678161621094, 31.69157886505127, 33.32714653015137, 34.85927391052246, 36.22390174865723, 36.99100112915039, 38.37703323364258, 40.1213493347168, 40.67190170288086, 41.46425437927246, 41.75245475769043, 42.042463302612305, 42.81994819641113, 43.60666084289551, 44.11834526062012, 44.91362190246582, 45.431440353393555, 45.82465934753418, 47.396493911743164, 48.928239822387695, 50.043073654174805, 51.024085998535156, 52.55340385437012, 53.705400466918945, 55.337894439697266, 56.77463150024414, 56.864004135131836, 58.10979080200195, 58.361379623413086, 59.607887268066406, 59.85701560974121, 59.3021125793457, 59.887224197387695, 60.07592010498047, 58.76508903503418, 59.768049240112305, 60.30769920349121, 61.05282783508301, 60.939693450927734, 60.67806053161621, 62.18005561828613, 61.64048957824707, 62.26723670959473, 62.754621505737305, 63.26094627380371, 64.20880126953125, 64.21018600463867, 64.52388763427734, 64.56464385986328, 64.91741561889648, 64.10920333862305, 64.25646591186523, 65.93051528930664, 66.9083480834961, 66.82566452026367, 67.18830108642578, 68.9559326171875, 68.44305419921875, 68.97761535644531, 69.46642684936523, 70.28141021728516, 69.23959350585938, 70.2843132019043, 70.59701156616211, 71.21845626831055, 70.69532775878906, 71.43020629882812, 71.42030334472656, 71.89971923828125, 72.11200332641602, 73.1533432006836, 72.25634765625, 72.11349868774414, 73.09413528442383, 72.06525421142578, 71.70738220214844, 71.68119049072266], [8.75256633758545, 6.296743631362915, 3.785647988319397, 0.0, 3.7856415510177612, 5.474602460861206, 7.425848007202148, 7.126770973205566, 9.143168926239014, 10.573037147521973, 11.430384635925293, 13.025771141052246, 14.574965953826904, 15.705445766448975, 17.065494537353516, 18.703408241271973, 19.865717887878418, 20.799715995788574, 22.58973503112793, 24.15454387664795, 25.199630737304688, 26.552477836608887, 28.27647876739502, 29.66526985168457, 30.84730625152588, 32.32793426513672, 33.67539405822754, 34.996206283569336, 35.693796157836914, 37.45920181274414, 38.66501426696777, 38.67979621887207, 40.13506507873535, 41.072221755981445, 41.335540771484375, 41.723941802978516, 42.01186561584473, 42.93196105957031, 44.298810958862305, 44.45673179626465, 45.564558029174805, 46.48210334777832, 48.00094032287598, 49.949337005615234, 51.0887393951416, 52.77661895751953, 53.28872489929199, 54.49783515930176, 55.43759346008301, 56.55925369262695, 57.05689239501953, 57.88119697570801, 58.59859085083008, 59.388017654418945, 58.469675064086914, 58.58332633972168, 58.51844596862793, 58.47962951660156, 59.57414627075195, 59.75088119506836, 60.92577934265137, 61.066009521484375, 60.16374397277832, 61.83401107788086, 61.16807174682617, 61.210309982299805, 61.685861587524414, 62.5136775970459, 63.50316047668457, 63.623579025268555, 64.01974487304688, 64.77460098266602, 65.02434921264648, 64.98497772216797, 65.05981826782227, 65.91094207763672, 66.35444259643555, 66.64484405517578, 67.36649703979492, 68.5033187866211, 68.08161163330078, 68.3153190612793, 68.9947509765625, 69.21403884887695, 70.64390182495117, 71.03680419921875, 70.67033767700195, 70.76359558105469, 69.64511489868164, 70.49174880981445, 70.73108673095703, 71.68128204345703, 72.24349975585938, 73.39823150634766, 71.73562622070312, 72.01651763916016, 71.94102478027344, 71.28514099121094, 71.6790885925293, 71.43039321899414], [11.128005981445312, 8.694530010223389, 6.243371486663818, 3.7856415510177612, 0.0, 3.7856028079986572, 5.365834951400757, 5.445245027542114, 7.283329010009766, 9.120232105255127, 10.254987239837646, 11.882819175720215, 13.243603706359863, 14.483846187591553, 15.441361427307129, 17.15884780883789, 18.47318458557129, 19.629572868347168, 20.89059543609619, 22.557637214660645, 24.068571090698242, 25.37212562561035, 26.59445285797119, 28.20919418334961, 29.726256370544434, 31.085119247436523, 32.592824935913086, 34.26227378845215, 35.006574630737305, 36.75330924987793, 37.86667823791504, 38.30781364440918, 38.957489013671875, 40.025699615478516, 40.205753326416016, 41.28892707824707, 41.61443901062012, 42.33307647705078, 43.15414047241211, 43.88601112365723, 46.0081844329834, 46.38210487365723, 48.58493995666504, 49.5795783996582, 50.5919189453125, 51.80258750915527, 52.04361534118652, 53.052059173583984, 54.32482147216797, 55.337934494018555, 56.33720588684082, 56.88680458068848, 58.043622970581055, 57.95450973510742, 58.794891357421875, 58.42875289916992, 58.60164260864258, 58.489253997802734, 58.91383934020996, 59.10614204406738, 59.841552734375, 60.39463233947754, 59.114850997924805, 60.535478591918945, 61.3326358795166, 60.32692527770996, 61.40572738647461, 63.12833595275879, 62.2427864074707, 63.704519271850586, 64.12485313415527, 64.10433959960938, 64.24141693115234, 64.06330299377441, 65.04125213623047, 65.09483337402344, 65.73530960083008, 65.4823989868164, 66.76033401489258, 67.69897079467773, 67.54584503173828, 66.41462326049805, 68.05130767822266, 69.34646224975586, 69.96463394165039, 70.81628799438477, 69.86553955078125, 70.63482284545898, 68.95266723632812, 69.40337371826172, 69.34251022338867, 70.45296478271484, 71.93215560913086, 72.04591751098633, 71.89775466918945, 71.29761505126953, 71.9766731262207, 71.51885604858398, 71.6938362121582, 72.08197402954102], [12.38708782196045, 10.184004783630371, 8.325477123260498, 5.474602460861206, 3.7856028079986572, 0.0, 3.785680651664734, 5.401837348937988, 6.33467173576355, 8.445658683776855, 9.223248958587646, 10.736128807067871, 11.828474521636963, 12.968512535095215, 14.492196083068848, 15.75596570968628, 16.916292190551758, 18.51172161102295, 19.907154083251953, 21.254414558410645, 22.549599647521973, 24.304619789123535, 25.401355743408203, 26.731765747070312, 28.349535942077637, 29.82243251800537, 31.129724502563477, 32.66335868835449, 33.77727699279785, 34.85414695739746, 36.63014793395996, 36.913230895996094, 38.595136642456055, 39.05740547180176, 39.67795181274414, 40.7222785949707, 40.18528747558594, 40.837907791137695, 41.66554260253906, 42.2340087890625, 44.38202667236328, 45.49899864196777, 47.45467758178711, 49.13290786743164, 49.777273178100586, 50.670061111450195, 50.70631790161133, 52.24215507507324, 53.56382942199707, 54.9951114654541, 55.552316665649414, 56.389827728271484, 57.07314109802246, 56.60633850097656, 57.20999336242676, 57.15652084350586, 57.68814468383789, 57.82480049133301, 58.83722686767578, 58.52342224121094, 59.71986389160156, 59.452293395996094, 59.86909484863281, 59.890560150146484, 59.77387619018555, 60.23383712768555, 61.789663314819336, 62.42439270019531, 62.21930694580078, 63.56734848022461, 63.74100685119629, 63.58886909484863, 64.13812637329102, 63.851022720336914, 64.36798477172852, 63.541236877441406, 64.45029830932617, 64.73551940917969, 65.85220718383789, 66.64493560791016, 67.59815216064453, 66.6429214477539, 68.24765396118164, 69.57034683227539, 70.69795227050781, 69.99229049682617, 70.83519744873047, 69.97162628173828, 69.79364013671875, 69.9748306274414, 69.59976196289062, 70.67134857177734, 71.2586784362793, 72.30077743530273, 72.58466720581055, 72.32453918457031, 72.14496231079102, 72.27355194091797, 71.2376594543457, 71.27312088012695], [12.989967346191406, 10.627578735351562, 8.684991359710693, 7.425848007202148, 5.365834951400757, 3.785680651664734, 0.0, 3.78559410572052, 5.434115409851074, 6.498746156692505, 8.137603759765625, 9.788681983947754, 10.899777889251709, 11.323521614074707, 12.874849319458008, 14.585151195526123, 15.450773239135742, 16.79166316986084, 18.54688262939453, 20.111663818359375, 21.021498680114746, 22.610936164855957, 24.23113250732422, 25.49085235595703, 26.982736587524414, 28.799219131469727, 30.454474449157715, 31.522086143493652, 32.56679344177246, 33.89277458190918, 35.53800964355469, 36.10732078552246, 37.46915626525879, 38.1522216796875, 38.9279727935791, 40.34228515625, 39.69621276855469, 40.71900939941406, 41.053945541381836, 41.94316291809082, 43.92243957519531, 44.64150619506836, 46.40166473388672, 47.36191940307617, 48.84488296508789, 50.30384635925293, 50.700632095336914, 51.82351303100586, 53.540130615234375, 53.903106689453125, 54.970489501953125, 55.26712226867676, 55.86409378051758, 55.67948532104492, 56.73988342285156, 56.85430145263672, 56.88301467895508, 57.533891677856445, 58.156869888305664, 58.30189895629883, 58.939029693603516, 59.03228187561035, 58.60485076904297, 59.727928161621094, 59.91048622131348, 59.076988220214844, 60.8161506652832, 62.064401626586914, 61.60968780517578, 62.88434410095215, 63.11900520324707, 62.35389709472656, 63.51179122924805, 63.68581199645996, 63.77298355102539, 63.913930892944336, 64.75460433959961, 63.756399154663086, 64.81851196289062, 65.58364868164062, 66.41975784301758, 66.54415512084961, 68.48350143432617, 69.28649520874023, 69.16214370727539, 69.3740234375, 69.87500381469727, 70.03448104858398, 68.06593704223633, 68.82894897460938, 69.50737380981445, 70.47442245483398, 71.1779899597168, 72.02617645263672, 71.91743087768555, 71.45727157592773, 71.07506561279297, 71.10224533081055, 70.4775161743164, 70.89422988891602], [13.665087223052979, 11.50252628326416, 9.422097206115723, 7.126770973205566, 5.445245027542114, 5.401837348937988, 3.78559410572052, 0.0, 3.7856723070144653, 5.386116981506348, 5.935707092285156, 7.784690618515015, 9.618067741394043, 10.065865516662598, 11.178693294525146, 13.017822265625, 14.321815967559814, 15.132190704345703, 16.741491317749023, 18.683956146240234, 19.77974510192871, 20.984063148498535, 22.62230396270752, 24.212308883666992, 25.58660316467285, 26.951095581054688, 28.735515594482422, 29.929895401000977, 31.06679630279541, 32.591068267822266, 34.224172592163086, 34.350568771362305, 35.64667892456055, 37.02714729309082, 37.72733688354492, 38.68769645690918, 39.18156814575195, 39.82318115234375, 40.32210922241211, 41.262380599975586, 42.55573654174805, 43.513227462768555, 45.617807388305664, 46.709001541137695, 47.211496353149414, 48.42558670043945, 50.20892906188965, 51.429616928100586, 52.32248306274414, 52.7469482421875, 54.101165771484375, 53.86017608642578, 54.99972724914551, 54.5178337097168, 55.40908241271973, 56.01548194885254, 56.80061340332031, 56.8510856628418, 57.4179573059082, 57.51838684082031, 57.81363868713379, 57.35487747192383, 58.61272048950195, 59.06438064575195, 58.70225715637207, 58.66892433166504, 60.004995346069336, 60.82461357116699, 61.27423858642578, 62.01547622680664, 62.469980239868164, 62.013999938964844, 61.928707122802734, 62.459205627441406, 62.560781478881836, 62.74521255493164, 63.03017234802246, 64.01918411254883, 65.04451751708984, 65.70656204223633, 65.75550079345703, 65.46653366088867, 66.44984436035156, 67.08347702026367, 68.25067520141602, 68.6014289855957, 69.89070129394531, 69.57567596435547, 68.82695770263672, 68.22715759277344, 68.42518615722656, 69.89392471313477, 70.56609344482422, 71.47683334350586, 71.10815811157227, 70.94761276245117, 69.63007736206055, 70.08749008178711, 70.67778778076172, 70.25322723388672], [15.514761447906494, 13.464990139007568, 10.986539363861084, 9.143168926239014, 7.283329010009766, 6.33467173576355, 5.434115409851074, 3.7856723070144653, 0.0, 3.7856733798980713, 5.424691915512085, 6.357096433639526, 7.830138444900513, 8.895012855529785, 9.976542949676514, 11.170251846313477, 12.695803165435791, 14.114692687988281, 15.373445510864258, 17.002665519714355, 18.467062950134277, 19.814560890197754, 21.174488067626953, 22.73512554168701, 23.974913597106934, 25.567883491516113, 26.97456455230713, 28.411782264709473, 29.521360397338867, 31.170931816101074, 32.68444633483887, 32.84817695617676, 34.64959716796875, 35.51102066040039, 36.5185604095459, 37.22322654724121, 37.473188400268555, 39.345258712768555, 39.64802932739258, 40.158363342285156, 40.84229850769043, 42.199785232543945, 44.436317443847656, 45.36201286315918, 46.683937072753906, 48.19415855407715, 48.901235580444336, 50.326377868652344, 50.98199272155762, 51.87145233154297, 52.72510528564453, 53.67896842956543, 54.0692138671875, 54.451677322387695, 55.22001266479492, 55.05178451538086, 55.90704917907715, 55.59451866149902, 56.79055213928223, 57.403926849365234, 57.09627151489258, 57.93560600280762, 57.345998764038086, 57.47235298156738, 57.66593360900879, 57.80815315246582, 58.878170013427734, 59.66814041137695, 60.321571350097656, 60.93021011352539, 61.567996978759766, 61.65928268432617, 62.07303810119629, 62.48122024536133, 62.64613151550293, 62.612030029296875, 63.57533264160156, 64.26346969604492, 64.9355583190918, 65.85676193237305, 66.06180953979492, 67.31495666503906, 66.79549789428711, 67.11076736450195, 68.12074661254883, 68.86176300048828, 68.61685562133789, 69.06400680541992, 68.51791000366211, 68.3166618347168, 68.93864059448242, 69.771240234375, 69.30206298828125, 70.52874755859375, 70.77033996582031, 71.252197265625, 70.02500534057617, 69.56385040283203, 70.87524795532227, 70.2346305847168], [16.791903495788574, 14.646035194396973, 13.080808639526367, 10.573037147521973, 9.120232105255127, 8.445658683776855, 6.498746156692505, 5.386116981506348, 3.7856733798980713, 0.0, 3.785666346549988, 5.4272003173828125, 6.127626657485962, 6.508191108703613, 8.66124677658081, 9.961050987243652, 10.865642547607422, 12.371325016021729, 14.170408248901367, 15.337566375732422, 16.4061336517334, 18.248188018798828, 19.699901580810547, 20.854040145874023, 22.373948097229004, 24.05388355255127, 25.177642822265625, 26.5138578414917, 27.71716022491455, 29.20381736755371, 30.801786422729492, 30.91261577606201, 32.91403579711914, 33.96706008911133, 35.49350357055664, 36.14558029174805, 37.306589126586914, 38.31727409362793, 38.60687446594238, 39.54960823059082, 40.700687408447266, 41.71551513671875, 43.2156867980957, 44.56363296508789, 45.749101638793945, 47.27022361755371, 48.2713623046875, 50.17210388183594, 51.056922912597656, 51.487693786621094, 52.096710205078125, 52.63359451293945, 52.810821533203125, 53.64113426208496, 53.83530616760254, 54.779781341552734, 53.798614501953125, 54.14397430419922, 55.88665580749512, 56.12362289428711, 56.25397872924805, 56.72644233703613, 56.04985427856445, 56.72524642944336, 56.93469047546387, 57.35831642150879, 58.16349983215332, 58.44010543823242, 58.9458065032959, 60.23432159423828, 60.25443458557129, 60.65239334106445, 61.41583251953125, 62.8480224609375, 62.607269287109375, 61.610843658447266, 63.048871994018555, 63.53377151489258, 63.66872215270996, 64.37162017822266, 65.36179733276367, 66.53960800170898, 67.11389923095703, 67.89407730102539, 67.4494514465332, 67.46939468383789, 68.27742385864258, 68.24154663085938, 68.11451721191406, 68.57738876342773, 67.76352310180664, 68.43450164794922, 68.12622451782227, 70.14032363891602, 69.59983825683594, 69.41471862792969, 70.48015213012695, 69.35058212280273, 70.55232238769531, 69.61994552612305], [17.270771026611328, 15.394031047821045, 13.845459461212158, 11.430384635925293, 10.254987239837646, 9.223248958587646, 8.137603759765625, 5.935707092285156, 5.424691915512085, 3.785666346549988, 0.0, 3.7856462001800537, 5.345033645629883, 5.083529472351074, 6.382091045379639, 8.706332683563232, 9.797570705413818, 10.545907020568848, 12.466939449310303, 14.199625968933105, 15.11381721496582, 16.620447158813477, 18.343384742736816, 19.76225471496582, 21.117677688598633, 22.64216423034668, 24.120285987854004, 25.415139198303223, 26.732937812805176, 28.34948444366455, 29.818763732910156, 30.380592346191406, 32.43653678894043, 33.51830863952637, 35.26110649108887, 35.40278434753418, 36.56096267700195, 37.17794418334961, 37.82396125793457, 38.48109817504883, 39.78966522216797, 40.90003967285156, 42.851667404174805, 43.9901065826416, 44.74387741088867, 46.415679931640625, 48.01386642456055, 49.672767639160156, 50.7238712310791, 51.50941467285156, 52.54075813293457, 52.69603729248047, 52.86709976196289, 53.00131034851074, 53.566097259521484, 53.82575035095215, 53.8277473449707, 54.20466232299805, 54.40463066101074, 55.79238700866699, 55.79012870788574, 56.47537803649902, 55.726314544677734, 56.433095932006836, 56.66739845275879, 56.9626579284668, 57.33529472351074, 58.33647155761719, 58.380876541137695, 59.888755798339844, 60.36428451538086, 60.94856262207031, 62.100534439086914, 62.305503845214844, 62.19369697570801, 62.03837203979492, 63.67787742614746, 64.16288375854492, 63.45180130004883, 65.71557235717773, 65.40089416503906, 65.77025604248047, 66.71993255615234, 68.59587478637695, 67.44103622436523, 67.73556137084961, 68.0667495727539, 69.04302215576172, 68.52388763427734, 68.18241500854492, 68.50658798217773, 69.10564422607422, 68.91995620727539, 69.5551872253418, 68.84004592895508, 68.26656341552734, 69.01570510864258, 67.86903762817383, 69.11593627929688, 68.27954864501953], [18.418161392211914, 16.740674018859863, 14.727437019348145, 13.025771141052246, 11.882819175720215, 10.736128807067871, 9.788681983947754, 7.784690618515015, 6.357096433639526, 5.4272003173828125, 3.7856462001800537, 0.0, 3.785600423812866, 5.358523368835449, 5.054158449172974, 6.460779666900635, 8.741125583648682, 9.766303539276123, 10.656964302062988, 12.570567607879639, 14.148683071136475, 15.157805919647217, 16.553386688232422, 18.30600643157959, 19.739959716796875, 21.08290195465088, 22.638277053833008, 24.191396713256836, 25.463417053222656, 26.724504470825195, 28.48963451385498, 29.14517593383789, 31.110004425048828, 32.428449630737305, 34.09173583984375, 34.201053619384766, 34.82238578796387, 36.08283233642578, 36.79003143310547, 37.71915054321289, 38.669639587402344, 39.92856979370117, 41.94894027709961, 43.21975135803223, 44.74715805053711, 46.28558158874512, 47.83916664123535, 49.42959785461426, 50.22420120239258, 51.14028358459473, 51.61036682128906, 52.2219181060791, 52.02926445007324, 53.263620376586914, 52.93525314331055, 53.19211387634277, 54.36520004272461, 54.86717987060547, 55.82346725463867, 56.186607360839844, 56.07413291931152, 55.900691986083984, 55.387142181396484, 56.87934494018555, 56.07370185852051, 56.3321647644043, 57.426034927368164, 57.39280700683594, 58.36356735229492, 59.876304626464844, 60.48685073852539, 59.869075775146484, 60.740346908569336, 61.81464958190918, 61.58951759338379, 61.63718605041504, 62.59272766113281, 63.490211486816406, 64.00249099731445, 65.08552169799805, 65.21139526367188, 64.64339447021484, 65.78926849365234, 67.14083862304688, 66.91445541381836, 68.47511291503906, 68.61622619628906, 69.2952651977539, 68.47961044311523, 68.11978912353516, 69.06388854980469, 67.49345397949219, 69.259765625, 69.2397232055664, 68.91890335083008, 69.11946487426758, 69.48617553710938, 68.88611221313477, 69.25252914428711, 68.20610046386719], [20.52116870880127, 18.462413787841797, 16.302668571472168, 14.574965953826904, 13.243603706359863, 11.828474521636963, 10.899777889251709, 9.618067741394043, 7.830138444900513, 6.127626657485962, 5.345033645629883, 3.785600423812866, 0.0, 3.785651922225952, 5.354762554168701, 5.078942775726318, 6.47451376914978, 8.763530731201172, 9.831032276153564, 10.713353633880615, 12.551167011260986, 14.190541744232178, 15.245133876800537, 16.601529121398926, 18.348466873168945, 19.75211811065674, 21.144356727600098, 22.51841449737549, 24.115793228149414, 25.6436710357666, 26.87514019012451, 27.585436820983887, 29.98360538482666, 30.771141052246094, 32.80712890625, 33.35844421386719, 33.81816101074219, 34.79619598388672, 35.989383697509766, 36.79762840270996, 37.87510681152344, 39.1470890045166, 41.14153861999512, 43.2176456451416, 43.83018112182617, 45.28651809692383, 46.41550636291504, 47.53668785095215, 49.48702812194824, 49.8602409362793, 50.449079513549805, 50.234663009643555, 51.30879783630371, 51.734615325927734, 52.10102081298828, 51.93072319030762, 52.7268123626709, 53.9100227355957, 54.114322662353516, 55.06376838684082, 55.298797607421875, 55.33441352844238, 55.12900352478027, 56.182647705078125, 56.019447326660156, 55.88852119445801, 56.8632926940918, 57.21908378601074, 57.34937286376953, 59.07161331176758, 59.04935073852539, 58.87563705444336, 59.17409896850586, 60.348440170288086, 61.1346492767334, 61.31709861755371, 61.83648872375488, 61.789451599121094, 62.49392509460449, 64.1955795288086, 64.82391738891602, 64.3812255859375, 66.2077751159668, 66.60530853271484, 66.7632064819336, 68.01278305053711, 68.14295959472656, 69.0648307800293, 68.33134078979492, 68.15307998657227, 67.71788787841797, 67.25042343139648, 67.85511779785156, 68.39935684204102, 68.06935119628906, 68.2972297668457, 69.03046798706055, 68.3110580444336, 68.62302780151367, 68.36640167236328], [20.77944564819336, 19.420366287231445, 17.75147533416748, 15.705445766448975, 14.483846187591553, 12.968512535095215, 11.323521614074707, 10.065865516662598, 8.895012855529785, 6.508191108703613, 5.083529472351074, 5.358523368835449, 3.785651922225952, 0.0, 3.7856818437576294, 5.359493970870972, 5.069280385971069, 6.419874429702759, 8.764832019805908, 9.80674409866333, 10.660573482513428, 12.496689796447754, 14.244741439819336, 15.346480369567871, 16.969318389892578, 18.592477798461914, 19.945244789123535, 21.13366413116455, 22.429577827453613, 24.184398651123047, 25.51874351501465, 26.38652992248535, 28.624258041381836, 29.482468605041504, 31.327720642089844, 31.80097770690918, 32.5660285949707, 34.255313873291016, 34.83439064025879, 35.577341079711914, 36.88710021972656, 38.435686111450195, 40.925981521606445, 42.165435791015625, 43.627248764038086, 44.78101348876953, 45.82299995422363, 47.161333084106445, 48.53172302246094, 49.11457443237305, 49.788068771362305, 50.091941833496094, 50.9879150390625, 51.07956314086914, 50.18177032470703, 51.58053779602051, 51.87436485290527, 52.840179443359375, 54.52601623535156, 53.736562728881836, 54.57119369506836, 54.791526794433594, 54.68178367614746, 55.05137062072754, 55.637014389038086, 55.7534065246582, 55.86777877807617, 56.250864028930664, 57.101919174194336, 58.57034873962402, 58.92344665527344, 58.75278091430664, 59.33455848693848, 60.450714111328125, 60.3232421875, 61.01969528198242, 62.383005142211914, 62.195905685424805, 62.70495414733887, 64.38970565795898, 65.11468887329102, 64.92031478881836, 66.40679931640625, 67.45256423950195, 67.47101974487305, 67.26667022705078, 67.78647232055664, 68.2135238647461, 68.02332305908203, 67.46951675415039, 66.24763107299805, 67.2388687133789, 67.56108474731445, 68.525390625, 67.79553604125977, 67.92248153686523, 68.44198989868164, 67.4932975769043, 68.31747436523438, 68.63813018798828], [21.399810791015625, 20.051584243774414, 18.744762420654297, 17.065494537353516, 15.441361427307129, 14.492196083068848, 12.874849319458008, 11.178693294525146, 9.976542949676514, 8.66124677658081, 6.382091045379639, 5.054158449172974, 5.354762554168701, 3.7856818437576294, 0.0, 3.7857524156570435, 5.360209226608276, 5.054868698120117, 6.463183403015137, 8.855114459991455, 9.833677768707275, 10.748865604400635, 12.655406475067139, 14.42454719543457, 15.631993770599365, 17.013068199157715, 18.82317543029785, 20.220022201538086, 21.291675567626953, 23.041702270507812, 24.496000289916992, 25.211867332458496, 27.241766929626465, 28.551671981811523, 30.261838912963867, 31.067642211914062, 32.0366849899292, 33.39584159851074, 33.64863586425781, 34.87411308288574, 36.56955146789551, 38.10767936706543, 40.330223083496094, 41.5288200378418, 43.19874572753906, 43.54836845397949, 44.97611999511719, 46.65178108215332, 47.80936050415039, 47.878984451293945, 49.79224967956543, 50.08803939819336, 50.122867584228516, 50.69090461730957, 50.67999076843262, 51.08675193786621, 52.05306434631348, 53.18307876586914, 53.878042221069336, 53.87718391418457, 53.65949630737305, 54.55187797546387, 55.57434844970703, 55.64632987976074, 55.031843185424805, 55.81425666809082, 56.27494239807129, 56.565162658691406, 56.105953216552734, 57.91867256164551, 58.55738830566406, 58.31013488769531, 58.8273868560791, 59.96435737609863, 59.976057052612305, 61.028860092163086, 62.08548164367676, 62.35514259338379, 62.035932540893555, 64.32389831542969, 65.16676330566406, 64.22232437133789, 66.09014892578125, 66.54500198364258, 66.20947265625, 66.67454147338867, 67.22884368896484, 67.86691284179688, 66.85726165771484, 67.57379531860352, 67.14873123168945, 66.77924728393555, 67.18936538696289, 68.9906005859375, 68.59325408935547, 68.19559860229492, 67.93998336791992, 67.79609298706055, 67.57949447631836, 67.65958023071289], [23.362792015075684, 21.733596801757812, 20.2071475982666, 18.703408241271973, 17.15884780883789, 15.75596570968628, 14.585151195526123, 13.017822265625, 11.170251846313477, 9.961050987243652, 8.706332683563232, 6.460779666900635, 5.078942775726318, 5.359493970870972, 3.7857524156570435, 0.0, 3.785648465156555, 5.36011004447937, 5.102130889892578, 6.531158447265625, 8.851677417755127, 9.881414890289307, 10.747818946838379, 12.729658603668213, 14.327823162078857, 15.604222774505615, 17.013680458068848, 18.573932647705078, 20.07363986968994, 21.724329948425293, 23.21988868713379, 24.178624153137207, 26.117088317871094, 27.308115005493164, 29.12371826171875, 29.85639190673828, 30.91414165496826, 32.71778869628906, 33.309120178222656, 34.35723114013672, 36.397457122802734, 37.44091796875, 39.950727462768555, 40.7258415222168, 42.40234375, 43.3690185546875, 44.33854103088379, 46.43678855895996, 46.97920608520508, 47.42378807067871, 48.327903747558594, 48.98606872558594, 50.02729797363281, 50.29574203491211, 50.55902862548828, 51.25870704650879, 51.38214874267578, 51.90593910217285, 52.62458038330078, 54.024383544921875, 53.85939598083496, 54.50994110107422, 55.23371887207031, 54.66597366333008, 55.97485542297363, 56.7843132019043, 56.50106239318848, 56.379581451416016, 56.27349662780762, 56.44651794433594, 57.42508316040039, 58.38129806518555, 59.35546875, 60.16348648071289, 60.376277923583984, 61.387441635131836, 62.07158660888672, 62.68689727783203, 62.984580993652344, 64.40576553344727, 64.48184967041016, 64.74913787841797, 65.95363998413086, 65.7341079711914, 66.41122055053711, 66.9014778137207, 67.07731628417969, 67.03852844238281, 66.97301864624023, 66.29907989501953, 67.14462661743164, 67.46477127075195, 67.87802124023438, 68.23805618286133, 67.84809494018555, 67.67086029052734, 67.60234069824219, 68.24523162841797, 67.56631469726562, 68.49354553222656], [24.753111839294434, 22.865829467773438, 21.113165855407715, 19.865717887878418, 18.47318458557129, 16.916292190551758, 15.450773239135742, 14.321815967559814, 12.695803165435791, 10.865642547607422, 9.797570705413818, 8.741125583648682, 6.47451376914978, 5.069280385971069, 5.360209226608276, 3.785648465156555, 0.0, 3.7857089042663574, 5.3604042530059814, 5.075467348098755, 6.498967885971069, 8.831104755401611, 9.883992671966553, 10.955596446990967, 12.791049480438232, 14.47813367843628, 15.55271577835083, 16.97488021850586, 18.66239070892334, 20.08704948425293, 21.593414306640625, 22.285439491271973, 24.65723991394043, 25.81357192993164, 27.953176498413086, 28.681208610534668, 29.65780258178711, 30.689387321472168, 31.61892318725586, 33.360355377197266, 34.66375732421875, 36.52356147766113, 38.44142150878906, 39.62246513366699, 40.96664619445801, 42.35890007019043, 43.8121337890625, 44.86154365539551, 46.27620506286621, 47.580121994018555, 47.4069938659668, 47.91498947143555, 48.987619400024414, 49.131595611572266, 49.367088317871094, 50.472389221191406, 50.6954345703125, 51.79046630859375, 52.037763595581055, 52.36662673950195, 53.28839874267578, 53.66267395019531, 53.90265464782715, 54.30845069885254, 55.03166198730469, 55.290903091430664, 56.80502128601074, 55.74123001098633, 56.101667404174805, 56.48343086242676, 57.6086540222168, 58.22734451293945, 59.31178092956543, 60.39959144592285, 60.78139686584473, 60.196760177612305, 61.947710037231445, 62.19699478149414, 62.433841705322266, 64.4905776977539, 64.54146957397461, 64.41454315185547, 65.97526168823242, 66.97698593139648, 66.08354187011719, 66.01382827758789, 67.17443084716797, 66.6312255859375, 65.52684020996094, 66.60667037963867, 66.17974853515625, 67.09404754638672, 67.01414108276367, 67.6092529296875, 67.62970733642578, 66.74814224243164, 66.55119705200195, 67.57143783569336, 67.79878997802734, 68.23338317871094], [25.208992958068848, 23.626237869262695, 22.122840881347656, 20.799715995788574, 19.629572868347168, 18.51172161102295, 16.79166316986084, 15.132190704345703, 14.114692687988281, 12.371325016021729, 10.545907020568848, 9.766303539276123, 8.763530731201172, 6.419874429702759, 5.054868698120117, 5.36011004447937, 3.7857089042663574, 0.0, 3.785686492919922, 5.34870457649231, 5.051990032196045, 6.513951063156128, 8.84071397781372, 10.040300369262695, 11.327596664428711, 13.03193712234497, 14.623907566070557, 16.166844367980957, 17