{"radius_of_giration": [34.184, 29.589, 27.087, 35.327, 44.39, 25.498, 30.326, 19.37, 31.123, 31.011, 36.825, 25.658, 30.355, 23.557, 26.491, 41.279, 21.284, 31.084, 32.851, 35.308, 24.776, 30.246, 21.757, 28.006, 34.078, 19.717, 33.913, 26.691, 29.471, 42.424, 27.349, 37.427, 36.111, 28.582, 41.316, 42.608, 25.103, 45.298, 37.116, 34.504, 32.038, 31.623, 35.122, 43.265, 38.567, 25.94, 26.696, 26.112, 29.546, 37.058, 23.236, 27.254, 37.275, 44.703, 22.967, 26.16, 29.356, 34.071, 28.827, 31.005, 29.851, 25.988, 40.19, 21.962, 23.106, 34.339, 26.3, 33.504, 30.464, 44.837, 29.939, 33.102, 32.922, 38.041, 31.106, 36.897, 22.666, 23.311, 36.336, 25.444, 40.179, 45.349, 25.115, 36.974, 35.823, 54.192, 49.303, 29.894, 26.236, 64.951, 27.946, 32.251, 20.29, 28.441, 28.534, 32.56, 27.373, 31.005, 32.653, 41.441, 41.635, 37.491, 32.548, 28.048, 21.565, 26.59, 25.343, 22.742, 36.632, 40.1, 21.245, 30.629, 32.459, 37.916, 39.985, 35.415, 35.849, 43.573, 35.841, 46.401, 30.518, 27.201, 38.634, 28.333, 33.565, 42.672, 37.86, 31.715, 29.348, 30.914, 29.343, 35.682, 40.866, 42.132, 28.73, 29.262, 34.856, 30.554, 43.649, 37.89, 41.417, 38.346, 27.601, 31.023, 39.197, 33.123, 33.594, 31.619, 33.739, 34.783, 30.64, 25.309, 36.535, 45.773, 33.38, 28.655, 24.018, 42.31, 52.207, 37.23, 21.892, 35.816, 45.937, 29.323, 36.353, 46.344, 28.786, 25.888, 32.965, 33.684, 40.707, 28.018, 39.164, 35.735, 31.68, 36.492, 29.774, 34.671, 25.611, 45.899, 36.149, 27.559, 31.378, 40.547, 22.932, 37.682, 38.202, 42.124, 34.443, 26.809, 26.412, 35.724, 29.321, 37.693, 27.988, 31.565, 23.476, 30.052, 30.154, 33.105], "ss_entropy": [0.0, 0.13474216817976675, 0.11690684913753106, 0.24050910155399824, 0.11690684913753106, 0.13474216817976675, 0.167944147734173, 0.1985152433458726, 0.2129821973127643, 0.11690684913753106, 0.098039113279732, 0.1985152433458726, 0.13474216817976675, 0.167944147734173, 0.13474216817976675, 0.2129821973127643, 0.13474216817976675, 0.11690684913753106, 0.1835211367833753, 0.1985152433458726, 0.1835211367833753, 0.1835211367833753, 0.24050910155399824, 0.11690684913753106, 0.34651533691866615, 0.2129821973127643, 0.167944147734173, 0.056001534354847345, 0.1985152433458726, 0.11690684913753106, 0.583258840128597, 0.11690684913753106, 0.29081440245335816, 0.098039113279732, 0.1985152433458726, 0.056001534354847345, 0.11690684913753106, 0.098039113279732, 0.03147906594716675, 0.07788250941109637, 0.056001534354847345, 0.03147906594716675, 0.0, 0.07788250941109637, 0.1517144790378862, 0.0, 0.098039113279732, 0.13474216817976675, 0.5004024235381879, 0.11690684913753106, 0.6664589005803316, 0.6923469670899615, 0.1985152433458726, 0.056001534354847345, 0.2663844632679204, 0.06293300616044681, 0.2441776814839741, 0.08743022193551855, 0.4265341395778826, 0.2581364108017181, 0.214769392015445, 0.03147906594716675, 0.19921858109631174, 0.12941690972598577, 0.03147906594716675, 0.1482590044457559, 0.03147906594716675, 0.08743022193551855, 0.12941690972598577, 0.2441776814839741, 0.03147906594716675, 0.4265341395778826, 0.08743022193551855, 0.3089109846691023, 0.056001534354847345, 0.7349266013993478, 0.3339327117233709, 0.08743022193551855, 0.4013453092394489, 0.11190205689093088, 0.056001534354847345, 0.08743022193551855, 0.11190205689093088, 0.08743022193551855, 0.4855930446792491, 0.11190205689093088, 0.2958350483099868, 0.2958350483099868, 0.35539127114326025, 0.07788250941109637, 0.22905845844861727, 0.098039113279732, 0.3141230258900314, 0.23317260237386989, 0.3557136252623005, 0.13474216817976675, 0.31686033829361465, 0.2508777054289805, 0.13474216817976675, 0.0], "median_solvent_accessibility": [0.820855614973262, 0.8, 0.75, 0.7692307692307692, 0.8, 0.8333333333333334, 0.7333333333333334, 0.6923076923076923, 0.6899038461538461, 0.6306818181818181, 0.5773809523809523, 0.6153846153846154, 0.5833333333333333, 0.5833333333333333, 0.5555555555555556, 0.6153846153846154, 0.5, 0.5384615384615384, 0.5454545454545454, 0.5, 0.5384615384615384, 0.5, 0.5454545454545454, 0.5419580419580419, 0.6, 0.5833333333333333, 0.6306818181818181, 0.5833333333333333, 0.6666666666666667, 0.6428571428571428, 0.7928571428571429, 0.6, 0.7777777777777778, 0.7, 0.7669683257918551, 0.7777777777777778, 0.8181818181818181, 0.8, 0.8, 0.8, 0.7857142857142857, 0.7857142857142857, 0.8153409090909091, 0.7857142857142857, 0.75, 0.75, 0.7, 0.7071428571428571, 0.75, 0.7, 0.75, 0.7071428571428571, 0.6666666666666667, 0.75, 0.6428571428571428, 0.75, 0.75, 0.7142857142857143, 0.7596153846153846, 0.7, 0.6666666666666667, 0.7, 0.8, 0.7777777777777778, 0.8, 0.6666666666666667, 0.75, 0.8, 0.7272727272727273, 0.6770833333333334, 0.7416666666666667, 0.8, 0.7, 0.7142857142857143, 0.7, 0.75, 0.625, 0.7029411764705882, 0.6961538461538461, 0.7928571428571429, 0.75, 0.7777777777777778, 0.5454545454545454, 0.7777777777777778, 0.7303030303030303, 0.6666666666666667, 0.8, 0.7333333333333334, 0.7, 0.7058823529411764, 0.6794871794871795, 0.6794871794871795, 0.7272727272727273, 0.7416666666666667, 0.75, 0.7272727272727273, 0.8, 0.875, 1.0, 0.9], "median_rsmd": [1.486771053233082, 1.744675377522255, 2.0047237304436023, 2.0401430442988606, 2.341240189832207, 2.286424645608412, 2.0597812298494818, 2.326972882661117, 2.161808106076189, 2.603287277558445, 2.2039345974309, 2.5124264317565954, 3.2668996488775606, 2.8713930885512693, 2.273294131872284, 2.426600106472447, 2.8100903690734, 3.085192671594391, 3.0054934899157746, 2.596929001464207, 2.242233371610534, 1.7773776267097845, 1.858346999727917, 1.5854642723454364, 2.0745044287632224, 2.1060262803994196, 1.76765656150269, 2.050626983771308, 2.0732715361247833, 1.9206479565204173, 2.0968925549039383, 1.7844350525408332, 1.369051286707793, 1.317977142009047, 2.024507209095177, 2.1786206247683966, 0.8140155661152779, 0.8829594203612857, 1.0530958541333117, 2.1465207176661405, 1.772744028328711, 2.1253203149465083, 2.0541735205229825, 1.3989707252467, 1.7634882457042897, 1.9286659327077094, 1.6510952328201338, 1.868938130201765, 1.913116614110767, 2.1240950501766718, 1.767437137562581, 1.7267231283466757, 1.5325716155632547, 1.0529333697139107, 1.5589916847455643, 1.8932528038654077, 1.8313878251876181, 1.8244069485330054, 1.3059007927841098, 2.3053254883295855, 1.9887307484987053, 1.4790555076797134, 1.7272406350844045, 2.181047129498959, 0.6858269522893058, 1.9272648321653152, 1.7263662136912106, 1.1626437338610753, 1.2123085768329585, 1.47897923535361, 1.7013926816103755, 1.6516715382189109, 1.6992508249874714, 1.6769007895326484, 1.6841582360868386, 1.1315698092090087, 1.6329289514943726, 1.9272154430318804, 2.082318130034611, 1.546508812593993, 1.0216162052078341, 2.4316683030238986, 2.1149888726624337, 1.8292016950059553, 1.7407674340968746, 1.733103485782336, 1.9400568151973394, 1.8522569389580807, 1.6522634165147274, 2.0871036378420285, 1.9894781580667842, 1.5501697181051193, 1.7221849410612267, 1.8199490084391692, 1.8007651835544654], "median_distance": [[0.0, 3.7856576442718506, 6.321264743804932, 8.82953405380249, 11.204070091247559, 12.444727897644043, 12.868102550506592, 14.24949836730957, 15.571035385131836, 16.460820198059082, 17.273856163024902, 19.020824432373047, 20.328001976013184, 21.064870834350586, 22.063020706176758, 23.535625457763672, 24.447190284729004, 25.4141902923584, 26.94155216217041, 28.445612907409668, 29.618868827819824, 30.18532657623291, 31.980502128601074, 33.60297775268555, 34.54965591430664, 35.32163047790527, 36.84108543395996, 37.81342315673828, 38.81968879699707, 39.80891227722168, 40.87357711791992, 40.55473709106445, 41.2188663482666, 41.465415954589844, 42.417924880981445, 42.01027297973633, 42.33570098876953, 42.776384353637695, 43.82973098754883, 45.219932556152344, 46.680402755737305, 48.01898193359375, 48.6644344329834, 49.37471961975098, 50.095815658569336, 51.39929389953613, 52.084157943725586, 53.14561080932617, 55.09037780761719, 55.851985931396484, 55.755319595336914, 55.62725067138672, 57.87143898010254, 57.67189025878906, 58.61485481262207, 57.745927810668945, 57.47725868225098, 58.858259201049805, 59.491899490356445, 60.449440002441406, 60.46136665344238, 60.30470657348633, 60.39213943481445, 62.033246994018555, 61.64817810058594, 62.20487022399902, 64.16130065917969, 64.22409057617188, 64.88823699951172, 65.76520156860352, 66.2277946472168, 68.11483764648438, 68.49972152709961, 69.03677749633789, 70.4072380065918, 71.22838592529297, 71.90715408325195, 71.74596405029297, 72.65086364746094, 72.57660675048828, 74.8896598815918, 74.18050384521484, 73.3417739868164, 72.86326599121094, 72.58939743041992, 73.30768966674805, 72.8244514465332, 72.57125091552734, 73.14955139160156, 73.22656631469727, 72.77327346801758, 73.2982177734375, 72.46660614013672, 73.26855850219727, 72.94961929321289, 74.04787063598633, 75.57740783691406, 75.28791427612305, 76.03754806518555, 77.39979553222656], [3.7856576442718506, 0.0, 3.785674571990967, 6.284548044204712, 8.86226749420166, 10.379035949707031, 10.953465461730957, 12.077187061309814, 13.785162448883057, 14.723348140716553, 15.59416913986206, 16.953665733337402, 18.484058380126953, 19.154349327087402, 20.308048248291016, 21.84743881225586, 22.92869758605957, 23.99372386932373, 25.755874633789062, 27.035982131958008, 27.7490873336792, 28.998395919799805, 30.812118530273438, 32.16330528259277, 33.33333396911621, 34.40289306640625, 35.748435974121094, 36.60116767883301, 37.38815879821777, 38.23347091674805, 39.21238136291504, 38.953901290893555, 39.81408500671387, 39.79062080383301, 40.40768051147461, 40.69465255737305, 41.750688552856445, 42.09162902832031, 42.98522186279297, 44.345069885253906, 46.29879570007324, 46.577688217163086, 48.1680850982666, 49.08781051635742, 49.740882873535156, 51.111778259277344, 52.43094444274902, 53.481462478637695, 54.10776710510254, 55.68899154663086, 55.675357818603516, 55.139753341674805, 57.39413261413574, 56.69198799133301, 57.5946102142334, 57.555185317993164, 58.111392974853516, 59.057987213134766, 59.41031074523926, 59.87014198303223, 60.34595489501953, 59.81138610839844, 60.70022010803223, 61.84707832336426, 61.147987365722656, 61.78355407714844, 62.176334381103516, 62.582231521606445, 64.57234573364258, 65.52825164794922, 66.08723068237305, 67.5404167175293, 67.5205192565918, 69.03892135620117, 69.126953125, 71.09773635864258, 70.93298721313477, 72.2638931274414, 72.80474090576172, 72.09023666381836, 72.3928451538086, 72.65933990478516, 72.81391906738281, 73.3283576965332, 72.05351257324219, 71.88529968261719, 72.02040481567383, 71.59121704101562, 71.95569229125977, 72.06564712524414, 72.16520309448242, 71.68300247192383, 71.60457992553711, 72.59789657592773, 72.73410034179688, 74.62589263916016, 75.34835433959961, 76.02423858642578, 76.56369018554688, 77.41647720336914], [6.321264743804932, 3.785674571990967, 0.0, 3.7855944633483887, 6.311145067214966, 8.312243938446045, 8.964095115661621, 9.885965824127197, 11.218632698059082, 13.048036098480225, 14.024306297302246, 15.12985610961914, 16.447400093078613, 17.636256217956543, 18.54775333404541, 20.07996368408203, 21.388622283935547, 22.446208953857422, 23.855884552001953, 25.481019973754883, 26.328161239624023, 27.544459342956543, 29.12386703491211, 30.62281608581543, 32.001437187194824, 32.946969985961914, 34.34425163269043, 35.12525177001953, 36.200599670410156, 37.224613189697266, 38.35452651977539, 37.60100746154785, 38.99959373474121, 38.2216739654541, 39.59866714477539, 40.003713607788086, 41.230194091796875, 41.87537384033203, 43.084150314331055, 43.622629165649414, 44.883344650268555, 45.45742607116699, 46.646169662475586, 48.1875114440918, 49.34221076965332, 50.4621467590332, 51.305776596069336, 52.08906555175781, 53.78120422363281, 54.3680362701416, 54.73518371582031, 55.17682456970215, 55.36762809753418, 56.158565521240234, 56.40986251831055, 56.67483901977539, 57.83846473693848, 58.53058624267578, 58.15232276916504, 58.99790573120117, 59.788673400878906, 59.65675735473633, 60.51093673706055, 60.199419021606445, 60.851741790771484, 59.94334030151367, 61.29781150817871, 62.23634147644043, 63.33084487915039, 64.54521179199219, 65.23446655273438, 66.74502563476562, 66.78142547607422, 68.04455947875977, 68.82417297363281, 69.71476745605469, 70.10964965820312, 71.23210525512695, 71.27763748168945, 70.80025100708008, 71.53509140014648, 70.75299072265625, 71.78787994384766, 71.97957992553711, 71.72991180419922, 71.14612197875977, 71.59475708007812, 72.20661926269531, 70.75498580932617, 71.17022705078125, 71.7125129699707, 71.87506866455078, 71.39444732666016, 72.60652542114258, 72.53316116333008, 73.81848526000977, 74.55012512207031, 74.85051727294922, 74.93496322631836, 76.47947692871094], [8.82953405380249, 6.284548044204712, 3.7855944633483887, 0.0, 3.7856814861297607, 5.4273059368133545, 7.447845220565796, 7.682798862457275, 9.220369338989258, 10.736363410949707, 11.494279384613037, 13.23090934753418, 14.577953338623047, 15.60544490814209, 16.771867752075195, 18.466618537902832, 19.763294219970703, 20.974352836608887, 22.563857078552246, 24.029871940612793, 25.067898750305176, 26.257661819458008, 28.005209922790527, 29.314475059509277, 30.622126579284668, 31.73582649230957, 32.74424171447754, 33.66813278198242, 34.63957214355469, 35.90744209289551, 37.02948760986328, 37.48747634887695, 37.73852348327637, 37.11569404602051, 38.401113510131836, 39.73659133911133, 40.34457015991211, 41.514461517333984, 42.24735641479492, 42.77706336975098, 44.12171745300293, 44.819936752319336, 46.01790428161621, 47.84096908569336, 49.078834533691406, 50.60807991027832, 51.36763381958008, 51.95349311828613, 53.39514350891113, 54.4462776184082, 54.836050033569336, 55.2149715423584, 55.392459869384766, 55.65559959411621, 57.5256462097168, 56.55427932739258, 56.766061782836914, 58.312381744384766, 58.823110580444336, 59.262611389160156, 60.31003952026367, 60.375328063964844, 60.74516296386719, 60.947776794433594, 59.8161678314209, 59.420366287231445, 61.0206356048584, 62.250593185424805, 63.26830863952637, 63.33504676818848, 64.34408950805664, 66.20928192138672, 66.78643798828125, 67.78962707519531, 68.85777282714844, 69.21271514892578, 69.56338500976562, 70.4653205871582, 70.8271713256836, 70.45261764526367, 71.14714431762695, 70.7786750793457, 71.99226379394531, 70.58220672607422, 71.14604187011719, 71.0021743774414, 70.14557266235352, 71.04728317260742, 71.01280975341797, 72.09000015258789, 71.57390975952148, 72.95066833496094, 72.40304946899414, 72.75224304199219, 72.8277702331543, 74.10564422607422, 75.71480178833008, 74.72731399536133, 74.55543899536133, 74.44757080078125], [11.204070091247559, 8.86226749420166, 6.311145067214966, 3.7856814861297607, 0.0, 3.785663604736328, 5.370517730712891, 5.911289691925049, 7.308054208755493, 9.122519969940186, 10.227156162261963, 11.211856365203857, 13.009193897247314, 14.39174222946167, 15.447978973388672, 16.956815719604492, 18.55855369567871, 19.808371543884277, 21.142200469970703, 22.48767375946045, 24.045762062072754, 25.26982307434082, 26.67155361175537, 28.34387493133545, 29.68605899810791, 30.93212604522705, 31.99197483062744, 32.93068313598633, 34.089412689208984, 35.477975845336914, 36.109392166137695, 36.585201263427734, 37.30795097351074, 36.95673179626465, 37.667734146118164, 39.161420822143555, 40.168203353881836, 40.36170768737793, 41.701494216918945, 42.25623893737793, 43.525489807128906, 44.90324592590332, 46.15699768066406, 47.60494422912598, 48.59011268615723, 50.50932502746582, 50.88614463806152, 51.979530334472656, 52.90482521057129, 54.288400650024414, 55.525699615478516, 55.76140022277832, 56.22989845275879, 57.17396926879883, 58.38521766662598, 57.387939453125, 57.45267868041992, 58.728376388549805, 58.81975555419922, 58.97866439819336, 58.85634803771973, 60.078277587890625, 59.68156433105469, 60.42659568786621, 59.516225814819336, 59.71890640258789, 60.237918853759766, 60.79072380065918, 62.22614288330078, 63.11588668823242, 63.877187728881836, 65.32231903076172, 65.73315048217773, 67.27700424194336, 68.26681137084961, 69.24214172363281, 69.99359893798828, 69.69466018676758, 69.96875381469727, 70.71475982666016, 71.08340072631836, 69.79753875732422, 69.95781707763672, 69.93512344360352, 71.33406066894531, 70.19272994995117, 70.39283752441406, 71.21623611450195, 71.80349731445312, 72.57047271728516, 71.94370651245117, 72.54546737670898, 72.31192779541016, 72.58969497680664, 72.75809860229492, 73.95573425292969, 74.62651443481445, 73.84656143188477, 74.46234130859375, 74.59046173095703], [12.444727897644043, 10.379035949707031, 8.312243938446045, 5.4273059368133545, 3.785663604736328, 0.0, 3.7856903076171875, 5.395451307296753, 5.996326446533203, 7.936556100845337, 9.325788974761963, 10.479509353637695, 11.447491645812988, 12.755238056182861, 14.395230293273926, 15.613795757293701, 16.9325008392334, 18.499287605285645, 19.870448112487793, 21.034011840820312, 22.470812797546387, 23.99460792541504, 25.484285354614258, 27.010960578918457, 28.14372730255127, 29.479869842529297, 30.885924339294434, 31.55602741241455, 32.86031150817871, 34.318613052368164, 35.20761299133301, 35.19174003601074, 36.44233512878418, 36.39140510559082, 37.85767936706543, 38.56756019592285, 38.88689613342285, 40.007110595703125, 41.25186729431152, 41.44998741149902, 42.522727966308594, 44.155338287353516, 45.050384521484375, 46.53535079956055, 48.340023040771484, 49.579742431640625, 50.22136306762695, 50.568931579589844, 51.91792869567871, 53.33406448364258, 54.88563919067383, 55.6795654296875, 55.913957595825195, 56.11379051208496, 57.49624824523926, 57.32779502868652, 57.13685989379883, 58.66046142578125, 58.397844314575195, 58.58537483215332, 57.95545768737793, 59.41789627075195, 59.248125076293945, 58.878963470458984, 57.59637641906738, 58.22568321228027, 58.88925552368164, 59.45051956176758, 61.14754676818848, 61.8215217590332, 62.80366516113281, 64.29855346679688, 65.04530715942383, 65.08060073852539, 65.67759323120117, 66.42916488647461, 67.86480712890625, 67.45796966552734, 68.95397186279297, 69.45181655883789, 69.43670654296875, 68.3310661315918, 68.63753509521484, 69.99349594116211, 69.5048713684082, 69.55314636230469, 69.3272476196289, 69.99836349487305, 70.03166961669922, 71.55344772338867, 71.70931243896484, 71.58128356933594, 71.51420974731445, 71.91032028198242, 71.55720901489258, 72.49308776855469, 72.51283264160156, 73.62829208374023, 73.49235534667969, 73.53753662109375], [12.868102550506592, 10.953465461730957, 8.964095115661621, 7.447845220565796, 5.370517730712891, 3.7856903076171875, 0.0, 3.785603880882263, 5.433391571044922, 6.204815626144409, 7.944195985794067, 9.966888427734375, 10.78288459777832, 11.139839172363281, 13.109230041503906, 14.600208759307861, 15.563969612121582, 16.8510103225708, 18.59230136871338, 19.871787071228027, 20.90476131439209, 22.48092269897461, 24.18799591064453, 25.49456214904785, 26.89078140258789, 28.21056842803955, 29.625551223754883, 30.737908363342285, 31.720499992370605, 32.85570526123047, 34.209665298461914, 34.639564514160156, 35.755401611328125, 36.067710876464844, 37.436479568481445, 37.757986068725586, 39.17117691040039, 39.8199462890625, 40.57123947143555, 40.69291114807129, 42.342119216918945, 43.53462028503418, 44.690542221069336, 46.21472930908203, 47.847843170166016, 49.305166244506836, 49.969539642333984, 51.08781433105469, 51.74737358093262, 52.6651725769043, 54.21975898742676, 54.99504089355469, 55.01754379272461, 54.94793128967285, 55.741716384887695, 55.91743850708008, 57.13928985595703, 58.10367774963379, 58.58525848388672, 57.92463302612305, 58.87323188781738, 58.59596061706543, 59.12063217163086, 58.744150161743164, 58.80923080444336, 57.730533599853516, 58.76779747009277, 59.21283531188965, 60.1438102722168, 61.06784629821777, 62.1603889465332, 63.33299255371094, 64.63058853149414, 64.4427490234375, 65.69586563110352, 66.5130729675293, 66.98354721069336, 68.64249420166016, 68.95711517333984, 68.93404769897461, 69.24665069580078, 68.73802185058594, 69.63920593261719, 69.46379852294922, 69.32575225830078, 68.62166213989258, 69.06361389160156, 68.92498016357422, 69.19221115112305, 70.6109504699707, 70.40787887573242, 71.37616348266602, 71.62864303588867, 72.29005813598633, 73.26226043701172, 72.66559600830078, 72.55743408203125, 73.69023895263672, 73.36725234985352, 72.76182174682617], [14.24949836730957, 12.077187061309814, 9.885965824127197, 7.682798862457275, 5.911289691925049, 5.395451307296753, 3.785603880882263, 0.0, 3.7855823040008545, 5.408371448516846, 6.203185558319092, 8.222865581512451, 9.990668296813965, 10.10038709640503, 11.229939460754395, 13.187686443328857, 14.395923614501953, 15.271066188812256, 16.94108486175537, 18.53983783721924, 19.728419303894043, 20.861753463745117, 22.547368049621582, 24.024906158447266, 25.544225692749023, 26.852763175964355, 28.199918746948242, 29.556087493896484, 30.403610229492188, 31.81101894378662, 32.77316474914551, 33.557373046875, 34.43722724914551, 35.04236030578613, 36.65544319152832, 36.85921287536621, 37.71044921875, 38.35175704956055, 39.42152404785156, 39.82938575744629, 41.6549186706543, 43.289730072021484, 44.2318115234375, 46.17898941040039, 47.03593444824219, 49.29679298400879, 49.61860275268555, 51.419301986694336, 52.62517738342285, 53.21399688720703, 54.327680587768555, 54.72414970397949, 54.805044174194336, 54.70770835876465, 55.34111022949219, 55.597503662109375, 56.51102256774902, 56.94843864440918, 58.08226203918457, 58.370723724365234, 58.22683525085449, 57.83022880554199, 57.863609313964844, 57.357704162597656, 57.71279716491699, 57.94007682800293, 58.225481033325195, 58.58213424682617, 59.73509407043457, 59.91970252990723, 61.029693603515625, 63.160911560058594, 63.52281188964844, 64.70320510864258, 65.00905990600586, 65.20872116088867, 66.7151870727539, 67.50898361206055, 67.35400390625, 67.63337326049805, 67.90778732299805, 67.462158203125, 68.30986785888672, 69.15427017211914, 68.40989303588867, 68.94856262207031, 68.40730285644531, 69.27358627319336, 69.78071594238281, 70.5647201538086, 71.13162612915039, 69.6376724243164, 70.76861190795898, 71.3951416015625, 72.89602661132812, 72.0680046081543, 72.20896530151367, 73.3107795715332, 73.26869583129883, 72.06560134887695], [15.571035385131836, 13.785162448883057, 11.218632698059082, 9.220369338989258, 7.308054208755493, 5.996326446533203, 5.433391571044922, 3.7855823040008545, 0.0, 3.7857178449630737, 5.455002307891846, 6.829118251800537, 7.875951766967773, 8.91597032546997, 10.010287284851074, 11.974920272827148, 12.789125442504883, 14.220197200775146, 15.429840564727783, 16.85414218902588, 18.370018005371094, 19.745344161987305, 20.95942211151123, 22.67839241027832, 24.21609115600586, 25.470014572143555, 26.715309143066406, 28.250426292419434, 29.229548454284668, 30.74990463256836, 32.003363609313965, 32.550209045410156, 33.32433891296387, 34.45423889160156, 35.60125923156738, 36.265438079833984, 36.765913009643555, 37.39680099487305, 38.64963912963867, 39.22234344482422, 40.899253845214844, 42.09408760070801, 44.0301628112793, 45.217912673950195, 46.385393142700195, 48.11627006530762, 48.30592918395996, 49.932687759399414, 51.73665428161621, 52.9969367980957, 54.17496299743652, 54.9858341217041, 54.811025619506836, 54.74957466125488, 54.72159385681152, 55.824575424194336, 56.04929542541504, 57.20604705810547, 58.01118278503418, 58.26996612548828, 58.105712890625, 57.8679313659668, 57.62833786010742, 57.29388427734375, 57.52863693237305, 57.5421199798584, 57.87054634094238, 58.887725830078125, 59.79045295715332, 60.7881965637207, 60.01949691772461, 61.92123603820801, 61.91810607910156, 63.52680206298828, 63.13556098937988, 64.72399520874023, 66.16374969482422, 65.6549072265625, 66.56106567382812, 67.50601959228516, 68.50989532470703, 68.24965286254883, 68.38806915283203, 67.84968566894531, 68.25003814697266, 68.742919921875, 69.84503173828125, 69.00444030761719, 69.16814041137695, 70.01841354370117, 70.25127410888672, 70.59009170532227, 70.68498992919922, 70.58338928222656, 71.58996963500977, 72.35316848754883, 72.62307739257812, 72.0237808227539, 72.98726654052734, 73.220458984375], [16.460820198059082, 14.723348140716553, 13.048036098480225, 10.736363410949707, 9.122519969940186, 7.936556100845337, 6.204815626144409, 5.408371448516846, 3.7857178449630737, 0.0, 3.7856645584106445, 5.416695594787598, 6.268953561782837, 6.537876844406128, 8.783353328704834, 9.935940742492676, 10.781067848205566, 12.437873840332031, 14.205755233764648, 15.160887718200684, 16.325417518615723, 18.142080307006836, 19.566643714904785, 20.664481163024902, 22.352689743041992, 23.88991928100586, 24.970380783081055, 26.306711196899414, 27.394939422607422, 28.94010829925537, 30.00960922241211, 30.506653785705566, 31.98447322845459, 32.99752426147461, 34.28689765930176, 34.363821029663086, 35.21254539489746, 36.20111274719238, 36.7798957824707, 37.116506576538086, 38.97522163391113, 40.673126220703125, 41.46893310546875, 43.2599983215332, 44.246612548828125, 46.02159881591797, 47.12630844116211, 49.05909538269043, 49.85831832885742, 51.21505165100098, 51.993961334228516, 52.62470245361328, 53.163774490356445, 52.800235748291016, 54.126068115234375, 54.610422134399414, 54.94315147399902, 56.04851722717285, 56.854400634765625, 56.57319450378418, 56.45546531677246, 56.72218132019043, 57.3021354675293, 57.33664321899414, 56.428932189941406, 57.20268440246582, 57.771718978881836, 57.65022850036621, 59.48604965209961, 59.20765686035156, 59.087697982788086, 61.05964469909668, 60.91980743408203, 62.54031944274902, 62.73238754272461, 64.47125625610352, 65.74551773071289, 65.70104598999023, 66.20849990844727, 65.92338562011719, 67.5089340209961, 68.11652374267578, 67.738525390625, 69.57593154907227, 69.46158218383789, 69.1097183227539, 70.02264785766602, 68.9446792602539, 69.00943756103516, 70.0468978881836, 71.40522003173828, 70.6059684753418, 71.07374954223633, 70.7222900390625, 71.83280563354492, 72.18141555786133, 71.95612335205078, 72.92187118530273, 72.24683380126953, 72.86946487426758], [17.273856163024902, 15.59416913986206, 14.024306297302246, 11.494279384613037, 10.227156162261963, 9.325788974761963, 7.944195985794067, 6.203185558319092, 5.455002307891846, 3.7856645584106445, 0.0, 3.7856907844543457, 5.348221778869629, 5.034507513046265, 6.443622350692749, 8.764937400817871, 9.772911548614502, 10.656141757965088, 12.618237972259521, 14.183564186096191, 15.180308818817139, 16.562646865844727, 18.371152877807617, 19.72093391418457, 21.236339569091797, 22.716405868530273, 24.13247013092041, 25.446800231933594, 26.57141876220703, 28.01863956451416, 29.48516845703125, 30.29121208190918, 31.500104904174805, 32.188608169555664, 32.850751876831055, 33.544118881225586, 34.141530990600586, 35.050785064697266, 36.43640327453613, 36.9416561126709, 37.45878601074219, 39.950660705566406, 41.41446495056152, 43.49792289733887, 44.723928451538086, 45.619930267333984, 46.363651275634766, 48.23981285095215, 49.45831108093262, 50.882423400878906, 51.717247009277344, 51.92601203918457, 52.751482009887695, 51.476179122924805, 52.842403411865234, 53.88100814819336, 54.419708251953125, 56.13215446472168, 56.979631423950195, 56.59031867980957, 56.25682258605957, 56.046926498413086, 56.483489990234375, 56.91812515258789, 56.25875282287598, 56.816789627075195, 56.62401008605957, 57.42758560180664, 58.528099060058594, 58.529518127441406, 58.61346435546875, 60.005096435546875, 61.47306823730469, 62.350934982299805, 63.12276840209961, 64.62669372558594, 65.01443862915039, 65.67388153076172, 65.61135864257812, 65.914306640625, 66.48064041137695, 67.24382019042969, 67.59616088867188, 68.87176513671875, 67.9097785949707, 68.51063537597656, 68.14610290527344, 68.31451034545898, 69.08012771606445, 70.21493911743164, 71.19181442260742, 70.90545654296875, 70.97185516357422, 71.38966369628906, 72.27882385253906, 71.65028762817383, 72.69144439697266, 72.45660400390625, 70.67169952392578, 71.06928253173828], [19.020824432373047, 16.953665733337402, 15.12985610961914, 13.23090934753418, 11.211856365203857, 10.479509353637695, 9.966888427734375, 8.222865581512451, 6.829118251800537, 5.416695594787598, 3.7856907844543457, 0.0, 3.785733461380005, 5.36347508430481, 5.112245559692383, 6.456545829772949, 8.765719413757324, 9.850918292999268, 10.760184288024902, 12.62139081954956, 14.286588191986084, 15.25745153427124, 16.582152366638184, 18.422554969787598, 19.91315746307373, 21.207197189331055, 22.565807342529297, 24.156103134155273, 25.347537994384766, 26.743006706237793, 28.274256706237793, 29.044257164001465, 30.328577995300293, 31.233863830566406, 32.05939483642578, 32.81452560424805, 33.745962142944336, 34.455955505371094, 35.234540939331055, 36.11225509643555, 38.268245697021484, 39.9100399017334, 42.10616493225098, 43.23463439941406, 43.95674133300781, 45.25082015991211, 46.28355598449707, 47.43740463256836, 49.41985321044922, 50.74960136413574, 52.11573600769043, 51.899940490722656, 51.94774055480957, 51.47490882873535, 53.17962074279785, 53.80990982055664, 54.36661720275879, 55.46904373168945, 55.974185943603516, 56.30696487426758, 55.46206474304199, 55.08701705932617, 55.320098876953125, 55.414527893066406, 55.37106895446777, 55.95177459716797, 56.544776916503906, 58.16342735290527, 58.09470176696777, 58.96025276184082, 59.20473289489746, 59.897823333740234, 61.3135871887207, 61.87312126159668, 62.55278205871582, 64.11422348022461, 65.5430679321289, 65.31845474243164, 65.31069946289062, 65.86790466308594, 66.4813117980957, 66.67426681518555, 67.53824234008789, 68.43910217285156, 68.81378173828125, 68.66539764404297, 69.11857604980469, 69.03320693969727, 68.76359558105469, 70.61138534545898, 71.22378540039062, 70.77957916259766, 70.21977233886719, 71.02780532836914, 71.38965606689453, 71.40336608886719, 71.56896209716797, 71.20121002197266, 71.60935592651367, 72.98672485351562], [20.328001976013184, 18.484058380126953, 16.447400093078613, 14.577953338623047, 13.009193897247314, 11.447491645812988, 10.78288459777832, 9.990668296813965, 7.875951766967773, 6.268953561782837, 5.348221778869629, 3.785733461380005, 0.0, 3.7856932878494263, 5.345584392547607, 5.061022520065308, 6.458983898162842, 8.740308284759521, 9.806600570678711, 10.639660835266113, 12.581490993499756, 14.168328285217285, 15.11586618423462, 16.5858097076416, 18.42518711090088, 19.888062477111816, 20.98049259185791, 22.495827674865723, 24.079025268554688, 25.49452495574951, 26.765915870666504, 27.717805862426758, 28.96379566192627, 30.196258544921875, 30.895164489746094, 31.87862491607666, 32.70477104187012, 33.70298957824707, 34.93378257751465, 35.84340476989746, 37.49809265136719, 38.758588790893555, 40.720035552978516, 42.190887451171875, 43.48805809020996, 44.993892669677734, 46.19101333618164, 47.14341354370117, 48.69005584716797, 49.98582458496094, 51.42836952209473, 51.0284538269043, 51.28600311279297, 51.26693344116211, 52.2794132232666, 52.7224063873291, 54.201107025146484, 54.45916175842285, 54.82194709777832, 54.65670967102051, 55.41703987121582, 54.85032653808594, 55.05010795593262, 55.551536560058594, 54.24408721923828, 55.3691291809082, 55.38889122009277, 56.525190353393555, 57.85119819641113, 57.81344413757324, 58.32499694824219, 59.84305191040039, 60.300180435180664, 60.63297080993652, 61.52777862548828, 63.16360664367676, 63.572723388671875, 64.58122634887695, 64.66366577148438, 65.18161010742188, 66.19330978393555, 66.06382751464844, 65.61831665039062, 67.35598373413086, 67.50064086914062, 67.84506225585938, 68.43830108642578, 67.87083435058594, 70.08310317993164, 70.31587982177734, 70.55381393432617, 70.85407257080078, 69.97853469848633, 70.31226348876953, 70.47800064086914, 71.52862548828125, 70.85248565673828, 70.1895751953125, 71.6827163696289, 71.76399612426758], [21.064870834350586, 19.154349327087402, 17.636256217956543, 15.60544490814209, 14.39174222946167, 12.755238056182861, 11.139839172363281, 10.10038709640503, 8.91597032546997, 6.537876844406128, 5.034507513046265, 5.36347508430481, 3.7856932878494263, 0.0, 3.7856457233428955, 5.367451429367065, 5.067080020904541, 6.472671031951904, 8.851621627807617, 9.801908493041992, 10.710891723632812, 12.560082912445068, 14.231717586517334, 15.404458045959473, 17.0472412109375, 18.55592632293701, 19.84060287475586, 21.20000171661377, 22.556166648864746, 24.002412796020508, 25.38297748565674, 26.204861640930176, 27.650588989257812, 28.920682907104492, 29.60908031463623, 30.231032371520996, 31.877802848815918, 32.16464614868164, 33.66520881652832, 34.23120880126953, 36.20989990234375, 37.406009674072266, 39.7917423248291, 41.75580978393555, 42.7725830078125, 44.338571548461914, 44.914594650268555, 46.41885566711426, 47.03138542175293, 48.19264221191406, 50.00412940979004, 50.13729476928711, 50.71113967895508, 50.084144592285156, 51.669694900512695, 52.04794883728027, 52.51340675354004, 53.4889030456543, 54.38758087158203, 54.50296401977539, 54.70284461975098, 55.988786697387695, 56.080331802368164, 56.17251396179199, 55.38093376159668, 54.47427940368652, 55.26742935180664, 56.73250770568848, 56.995744705200195, 57.59479331970215, 58.49619102478027, 59.49886131286621, 60.43876075744629, 61.310781478881836, 60.894094467163086, 62.7530517578125, 63.351009368896484, 64.77388763427734, 64.59390258789062, 65.76765060424805, 66.17449569702148, 66.56574630737305, 67.37855911254883, 66.86455535888672, 66.94336700439453, 67.40516662597656, 67.41535186767578, 68.26792526245117, 69.10076141357422, 70.55962753295898, 70.27897262573242, 71.64688491821289, 71.46717834472656, 70.43778610229492, 71.64264297485352, 72.93157196044922, 71.0316276550293, 70.77688598632812, 70.55686569213867, 70.61534881591797], [22.063020706176758, 20.308048248291016, 18.54775333404541, 16.771867752075195, 15.447978973388672, 14.395230293273926, 13.109230041503906, 11.229939460754395, 10.010287284851074, 8.783353328704834, 6.443622350692749, 5.112245559692383, 5.345584392547607, 3.7856457233428955, 0.0, 3.7856563329696655, 5.3519978523254395, 5.095270872116089, 6.536463260650635, 8.808708667755127, 9.80457878112793, 10.68042516708374, 12.527685165405273, 14.260159015655518, 15.60502290725708, 17.076075553894043, 18.637001991271973, 19.881434440612793, 21.030717849731445, 22.660828590393066, 24.245454788208008, 25.165555000305176, 26.72803497314453, 27.91156768798828, 28.577263832092285, 29.720412254333496, 31.04404926300049, 31.524852752685547, 32.90142822265625, 33.87904357910156, 35.77785301208496, 37.98800086975098, 39.79753494262695, 41.586164474487305, 42.05014228820801, 43.202131271362305, 44.95754814147949, 46.49872589111328, 47.35604476928711, 48.32596969604492, 49.72032165527344, 50.01193809509277, 50.665592193603516, 50.51140594482422, 51.664302825927734, 52.008113861083984, 52.68685340881348, 53.97122001647949, 54.78366279602051, 54.64924240112305, 54.2767219543457, 55.03036689758301, 55.714332580566406, 55.58903694152832, 53.97110939025879, 54.473384857177734, 55.51623344421387, 56.953073501586914, 56.894784927368164, 56.82559585571289, 58.78251838684082, 59.70134735107422, 60.64082908630371, 61.62944412231445, 61.98372268676758, 62.781776428222656, 63.41773796081543, 64.24377822875977, 63.91322708129883, 64.96467208862305, 66.50966262817383, 66.81412887573242, 67.48800659179688, 66.53253936767578, 66.88200759887695, 67.73702239990234, 68.17321395874023, 69.27022171020508, 69.5312614440918, 70.12083053588867, 70.5988540649414, 70.52299499511719, 70.65259552001953, 70.57292556762695, 70.63717269897461, 70.74882125854492, 71.01889419555664, 69.83994674682617, 71.11694717407227, 70.85050582885742], [23.535625457763672, 21.84743881225586, 20.07996368408203, 18.466618537902832, 16.956815719604492, 15.613795757293701, 14.600208759307861, 13.187686443328857, 11.974920272827148, 9.935940742492676, 8.764937400817871, 6.456545829772949, 5.061022520065308, 5.367451429367065, 3.7856563329696655, 0.0, 3.785713315010071, 5.359999179840088, 5.105287790298462, 6.49852442741394, 8.808043956756592, 9.829767227172852, 10.721415519714355, 12.548099040985107, 14.444828987121582, 15.622000694274902, 17.093297004699707, 18.66151237487793, 19.975123405456543, 21.527474403381348, 23.03618812561035, 23.924238204956055, 25.724228858947754, 26.647329330444336, 27.686161994934082, 29.003392219543457, 30.233338356018066, 31.24526596069336, 32.92023468017578, 33.18973159790039, 34.913394927978516, 37.08917808532715, 39.05464172363281, 40.01999855041504, 41.44772720336914, 43.21832847595215, 45.00674247741699, 46.11385536193848, 46.858394622802734, 48.231651306152344, 48.692787170410156, 49.1463508605957, 49.39411926269531, 49.56454849243164, 50.779409408569336, 52.11464881896973, 53.14385223388672, 53.552303314208984, 54.38177299499512, 54.038217544555664, 53.954097747802734, 54.3032169342041, 55.3968391418457, 54.711618423461914, 53.834489822387695, 54.19745063781738, 55.0623836517334, 56.52357292175293, 57.14204406738281, 58.23935508728027, 58.46565055847168, 59.85136032104492, 59.56666374206543, 60.433298110961914, 61.87784385681152, 62.106163024902344, 62.48402404785156, 63.21038055419922, 63.739967346191406, 64.27083587646484, 65.64464950561523, 64.54611587524414, 65.98099899291992, 65.86940383911133, 66.29991149902344, 66.94340515136719, 67.72220611572266, 67.5749740600586, 68.51709365844727, 69.57817077636719, 69.45332717895508, 69.97101211547852, 70.32854080200195, 69.95755767822266, 69.55824279785156, 71.52610397338867, 69.67164611816406, 70.09984970092773, 70.84762954711914, 71.18385314941406], [24.447190284729004, 22.92869758605957, 21.388622283935547, 19.763294219970703, 18.55855369567871, 16.9325008392334, 15.563969612121582, 14.395923614501953, 12.789125442504883, 10.781067848205566, 9.772911548614502, 8.765719413757324, 6.458983898162842, 5.067080020904541, 5.3519978523254395, 3.785713315010071, 0.0, 3.785632014274597, 5.364497661590576, 5.066436767578125, 6.547476530075073, 8.82119083404541, 9.819774150848389, 10.819594860076904, 12.969678401947021, 14.415796756744385, 15.619704246520996, 17.019126892089844, 18.88519287109375, 20.249154090881348, 21.734086990356445, 22.62763786315918, 24.451480865478516, 25.517935752868652, 26.744105339050293, 27.628567695617676, 28.95828628540039, 30.141939163208008, 31.466039657592773, 32.694353103637695, 34.62648010253906, 36.68662071228027, 38.181644439697266, 40.22723388671875, 41.294490814208984, 43.11151695251465, 44.15957832336426, 45.684974670410156, 46.59210395812988, 47.53871726989746, 48.96072959899902, 49.12184143066406, 49.238821029663086, 49.328874588012695, 50.28196144104004, 51.23434066772461, 51.632633209228516, 52.35226821899414, 53.55409622192383, 53.241865158081055, 53.57597732543945, 54.03814697265625, 54.671987533569336, 54.49514389038086, 53.87574577331543, 53.22294044494629, 55.147125244140625, 55.497751235961914, 57.24127006530762, 57.97064971923828, 57.54638862609863, 59.807777404785156, 60.35102653503418, 61.22461700439453, 62.04297637939453, 62.156673431396484, 62.25979042053223, 62.42303466796875, 62.73193550109863, 63.68101501464844, 65.06811904907227, 65.23285293579102, 65.37079238891602, 65.76152038574219, 65.83554077148438, 66.33544158935547, 66.378173828125, 67.64896392822266, 69.08560943603516, 70.05176544189453, 70.5880012512207, 70.1572265625, 70.22958755493164, 69.37929916381836, 69.50269317626953, 69.7671127319336, 69.96478652954102, 70.4804916381836, 70.87622833251953, 70.7752914428711], [25.4141902923584, 23.99372386932373, 22.446208953857422, 20.974352836608887, 19.808371543884277, 18.499287605285645, 16.8510103225708, 15.271066188812256, 14.220197200775146, 12.437873840332031, 10.656141757965088, 9.850918292999268, 8.740308284759521, 6.472671031951904, 5.095270872116089, 5.359999179840088, 3.785632014274597, 0.0, 3.7855600118637085, 5.36147141456604, 5.092784404754639, 6.524399042129517, 8.781720638275146, 9.92793893814087, 11.739338397979736, 13.227589130401611, 14.643618106842041, 15.86307668685913, 17.34619426727295, 18.89633846282959, 20.190144538879395, 2