{"radius_of_giration": [32.355, 31.404, 31.063, 25.498, 29.248, 35.126, 19.212, 32.797, 34.8, 37.69, 25.442, 30.207, 30.507, 28.66, 24.83, 33.862, 32.057, 26.12, 28.721, 24.603, 20.129, 35.857, 31.164, 44.593, 38.977, 32.923, 26.104, 37.262, 29.678, 25.096, 17.339, 38.353, 40.719, 25.0, 29.263, 26.293, 31.023, 25.917, 34.284, 37.692, 24.874, 24.095, 31.111, 40.3, 28.408, 27.455, 32.263, 23.236, 44.512, 40.83, 21.452, 26.16, 40.098, 26.503, 33.077, 24.943, 38.827, 23.927, 35.111, 45.582, 30.385, 42.618, 31.851, 36.141, 22.889, 21.439, 45.597, 47.324, 27.074, 53.25, 37.326, 26.97, 22.983, 38.81, 25.434, 43.724, 34.666, 31.334, 32.62, 25.851, 39.938, 48.591, 22.28, 28.341, 24.009, 37.993, 29.451, 36.228, 23.319, 33.786, 36.14, 41.503, 41.968, 36.982, 39.959, 28.534, 29.519, 32.976, 35.78, 26.001, 29.093, 40.082, 34.537, 38.984, 35.203, 41.638, 45.695, 36.829, 26.323, 39.181, 33.18, 37.681, 28.792, 37.941, 37.176, 37.474, 26.709, 45.028, 49.262, 37.99, 21.245, 27.221, 31.421, 37.924, 28.99, 32.719, 29.357, 34.961, 33.574, 27.431, 50.469, 27.685, 51.94, 36.083, 19.836, 27.148, 38.61, 42.832, 28.73, 40.044, 31.706, 27.818, 34.252, 51.676, 28.402, 30.039, 37.51, 24.332, 36.514, 32.165, 43.457, 28.172, 38.017, 28.602, 49.434, 41.84, 36.974, 26.248, 31.08, 33.996, 28.094, 30.764, 34.306, 39.007, 35.145, 41.955, 39.376, 38.249, 36.101, 33.932, 30.282, 23.169, 32.845, 29.977, 35.498, 31.68, 32.669, 28.973, 38.554, 30.257, 31.662, 35.163, 32.63, 30.181, 22.334, 33.313, 22.774, 25.766, 39.027, 34.47, 28.886, 21.908, 24.767, 25.754, 39.984, 33.013, 19.52, 27.925, 27.988, 23.552], "ss_entropy": [0.0, 0.13474216817976675, 0.167944147734173, 0.2129821973127643, 0.22696752250060448, 0.098039113279732, 0.2129821973127643, 0.2129821973127643, 0.1835211367833753, 0.098039113279732, 0.098039113279732, 0.1835211367833753, 0.056001534354847345, 0.13474216817976675, 0.13474216817976675, 0.29081440245335816, 0.056001534354847345, 0.1517144790378862, 0.22696752250060448, 0.098039113279732, 0.1517144790378862, 0.11690684913753106, 0.167944147734173, 0.07788250941109637, 0.25363894692169137, 0.22696752250060448, 0.1517144790378862, 0.056001534354847345, 0.1985152433458726, 0.13474216817976675, 0.5392763414970504, 0.07788250941109637, 0.2663844632679204, 0.056001534354847345, 0.1985152433458726, 0.0, 0.11690684913753106, 0.1985152433458726, 0.03147906594716675, 0.03147906594716675, 0.0, 0.03147906594716675, 0.0, 0.098039113279732, 0.098039113279732, 0.03147906594716675, 0.098039113279732, 0.167944147734173, 0.4637264398194103, 0.2129821973127643, 0.6859298002523728, 0.6818546087307834, 0.2129821973127643, 0.11690684913753106, 0.3139558502316525, 0.03147906594716675, 0.2974727044651041, 0.06293300616044681, 0.34493449772603546, 0.2297371826669724, 0.18301495418443048, 0.03147906594716675, 0.18301495418443048, 0.12941690972598577, 0.06293300616044681, 0.16606855017798053, 0.03147906594716675, 0.03147906594716675, 0.08743022193551855, 0.2441776814839741, 0.08743022193551855, 0.34493449772603546, 0.03147906594716675, 0.33354409504180954, 0.12941690972598577, 0.7175254284357913, 0.2581364108017181, 0.03147906594716675, 0.4216413247840434, 0.15383759322861115, 0.11190205689093088, 0.11190205689093088, 0.15383759322861115, 0.07788250941109637, 0.4805651366834895, 0.13373214081276247, 0.37899442777988446, 0.37899442777988446, 0.36735388217204734, 0.13373214081276247, 0.15553658359656514, 0.13373214081276247, 0.26070763117773293, 0.24520959131945957, 0.30987810112427794, 0.15383759322861115, 0.3598240982440312, 0.2685563533342012, 0.1517144790378862, 0.0], "median_solvent_accessibility": [0.8397435897435898, 0.8, 0.7777777777777778, 0.7692307692307692, 0.7777777777777778, 0.8571428571428572, 0.7, 0.6449579831932772, 0.7, 0.6076923076923078, 0.5505050505050505, 0.5833333333333333, 0.6076923076923078, 0.5833333333333333, 0.5454545454545454, 0.5833333333333333, 0.5166666666666666, 0.5, 0.5384615384615384, 0.5, 0.5147058823529411, 0.5384615384615384, 0.5454545454545454, 0.5, 0.6306818181818181, 0.6, 0.5941176470588235, 0.5882352941176471, 0.6363636363636364, 0.6363636363636364, 0.75, 0.6363636363636364, 0.7817460317460317, 0.7, 0.7777777777777778, 0.75, 0.8181818181818181, 0.8, 0.8, 0.7857142857142857, 0.8, 0.7777777777777778, 0.8, 0.7777777777777778, 0.7692307692307692, 0.7272727272727273, 0.7, 0.7, 0.7386363636363636, 0.6666666666666667, 0.7272727272727273, 0.6666666666666667, 0.6363636363636364, 0.7, 0.6428571428571428, 0.7142857142857143, 0.7, 0.75, 0.8, 0.7, 0.6923076923076923, 0.7303030303030303, 0.8, 0.7692307692307692, 0.820855614973262, 0.6666666666666667, 0.7272727272727273, 0.8461538461538461, 0.7272727272727273, 0.6833333333333333, 0.7272727272727273, 0.7692307692307692, 0.7, 0.7, 0.7272727272727273, 0.7857142857142857, 0.6153846153846154, 0.7, 0.7, 0.7207792207792207, 0.7071428571428571, 0.8181818181818181, 0.5555555555555556, 0.7735042735042734, 0.7100840336134453, 0.6666666666666667, 0.7928571428571429, 0.7071428571428571, 0.7, 0.7272727272727273, 0.7272727272727273, 0.7029411764705882, 0.7272727272727273, 0.7, 0.7928571428571429, 0.75, 0.7777777777777778, 0.8888888888888888, 0.9166666666666666, 0.9090909090909091], "median_rsmd": [2.0149213255521703, 2.0893332436245666, 2.1971654196465717, 2.1669992778992992, 2.3887388724292213, 2.52594298459734, 2.542595945853006, 2.493895611379046, 2.421826257360509, 2.073107940433887, 2.5688442951741144, 2.305469091653617, 2.2296678284073557, 2.7594279319168673, 2.318614562212541, 2.66176413942124, 2.9234158262792325, 2.100361873228784, 2.34099350323877, 2.861477315662078, 2.854125550226143, 2.0945753326995433, 2.439085520843404, 2.0384693236535725, 1.8301660968522933, 1.6199543060341888, 1.7357658607436812, 2.110464538414531, 2.019477362413117, 1.817400428724741, 1.9119682520152632, 1.6372294474868798, 1.271210035754024, 1.4440038204234111, 1.543241744974895, 1.796615058037199, 0.7620610183092852, 0.6806861549158342, 0.9337069502238564, 1.9496643704575911, 1.7994605532940293, 1.8955478235044683, 2.3002482164986753, 1.2996827056549647, 1.0284225745918398, 1.954222462835211, 2.4864841383650247, 2.0264216115735265, 1.7731528803147216, 1.7763600287547257, 1.7647792395132136, 1.673346302828971, 1.232038391797931, 1.2975136492577346, 1.5985924119546011, 1.870600489454939, 2.1304753897768243, 2.7123717136458594, 2.001871916698879, 2.0960482427658156, 2.154721250592571, 1.1570149040979611, 1.0479535466303675, 1.198948860766465, 1.4286973584134, 1.939666686345607, 2.1684279318840036, 1.4326585350291825, 1.5276785199484437, 1.7558509908910391, 1.8376463267415406, 1.7538791982615385, 1.5090494841010809, 1.521977845924798, 1.4848246924352053, 1.8180308949985444, 1.8807490225828825, 1.9821010639026246, 1.9916068497342794, 1.4558667901473625, 1.0955282668360946, 2.2666739049898, 1.878696275414596, 1.7020247521120333, 2.205441595519122, 1.9150801951104337, 1.8139050659556184, 1.9301132114596755, 1.5864199471758764, 1.6304774391660586, 1.7722057043863473, 1.821663444175489, 1.718601845825044, 1.6426240220980708, 1.7671721562743696], "median_distance": [[0.0, 3.785634994506836, 6.294157028198242, 8.716067790985107, 11.229488372802734, 12.457501888275146, 12.572559356689453, 13.787722110748291, 15.815872192382812, 16.7595157623291, 17.393494606018066, 19.000842094421387, 20.70945453643799, 21.213297843933105, 22.088289260864258, 23.69874858856201, 25.101776123046875, 25.80738925933838, 27.12356185913086, 28.76954460144043, 29.69032859802246, 30.558178901672363, 32.41314506530762, 33.57833290100098, 34.83536338806152, 36.311994552612305, 36.9752311706543, 38.48636245727539, 38.489707946777344, 39.85574531555176, 40.58523178100586, 40.03542900085449, 42.09816932678223, 42.56287384033203, 43.525203704833984, 44.18072319030762, 43.90030479431152, 44.87018394470215, 45.293155670166016, 45.77140235900879, 48.1533203125, 48.9925422668457, 50.71076965332031, 52.08596420288086, 52.43349647521973, 53.92036819458008, 54.33677101135254, 55.549150466918945, 55.96748924255371, 56.025068283081055, 56.554908752441406, 57.35734176635742, 57.865203857421875, 57.5911979675293, 57.6125431060791, 57.985050201416016, 57.53813552856445, 57.85989189147949, 58.17049980163574, 59.393775939941406, 61.48345375061035, 60.520328521728516, 61.544118881225586, 61.70904541015625, 63.1380729675293, 61.98817253112793, 62.7990779876709, 62.687721252441406, 64.2191162109375, 64.22676849365234, 64.90656661987305, 65.31237030029297, 65.17254257202148, 66.09741592407227, 67.51294708251953, 68.29020690917969, 68.25548934936523, 69.0057601928711, 69.42739868164062, 68.75566482543945, 68.77764892578125, 68.7159538269043, 69.59436798095703, 70.10761260986328, 70.1952018737793, 70.01309204101562, 70.11856842041016, 69.7466049194336, 70.83395385742188, 70.65857315063477, 70.30056762695312, 69.9721565246582, 71.00986862182617, 71.6268424987793, 72.18555450439453, 73.32473373413086, 74.34075164794922, 73.67887496948242, 74.09064865112305, 73.67912673950195], [3.785634994506836, 0.0, 3.785621166229248, 6.252482175827026, 8.697360038757324, 10.310604572296143, 10.459542274475098, 11.732321739196777, 13.656452178955078, 14.68966817855835, 15.158426284790039, 16.86293315887451, 18.604055404663086, 18.942272186279297, 20.173980712890625, 22.282509803771973, 23.34989070892334, 24.141201972961426, 25.51307201385498, 27.31247615814209, 28.31352138519287, 29.29957103729248, 31.23067855834961, 32.2664852142334, 33.6536808013916, 34.99373245239258, 35.39014434814453, 36.51703453063965, 37.15628623962402, 38.57634925842285, 39.4101619720459, 39.473283767700195, 40.973854064941406, 42.294729232788086, 42.40804672241211, 42.615440368652344, 42.98066329956055, 44.26648712158203, 45.130950927734375, 45.885738372802734, 48.16447830200195, 48.42818260192871, 49.608917236328125, 51.54474449157715, 52.225589752197266, 53.69586372375488, 53.84794807434082, 54.61031913757324, 56.19316291809082, 56.19858932495117, 56.22251892089844, 57.34067153930664, 57.93302536010742, 56.981204986572266, 57.66448783874512, 58.03227615356445, 58.467498779296875, 58.533355712890625, 59.209007263183594, 59.886871337890625, 60.82732391357422, 62.57977867126465, 61.74630165100098, 62.865407943725586, 62.65277862548828, 61.736406326293945, 63.1157169342041, 63.03388977050781, 63.772634506225586, 63.9422492980957, 63.9226016998291, 65.31219482421875, 66.10573196411133, 66.63628768920898, 68.12017059326172, 68.71664810180664, 68.9233169555664, 69.041748046875, 69.0997543334961, 68.3368911743164, 68.6214828491211, 68.31778335571289, 68.41625213623047, 69.50509643554688, 71.21004486083984, 70.68972778320312, 70.7941665649414, 69.1613540649414, 70.80543518066406, 69.7839584350586, 70.63072967529297, 70.86153411865234, 71.80902481079102, 72.56858444213867, 73.92057418823242, 74.32059860229492, 74.78049087524414, 75.43398666381836, 75.22855758666992, 74.98302459716797], [6.294157028198242, 3.785621166229248, 0.0, 3.7856494188308716, 6.382744312286377, 8.249163627624512, 8.99161958694458, 9.764840126037598, 11.162460327148438, 13.021159172058105, 13.685728073120117, 14.87553358078003, 16.203903198242188, 17.32770538330078, 18.577147483825684, 20.035951614379883, 21.174144744873047, 22.410844802856445, 23.783464431762695, 25.325478553771973, 26.138548851013184, 27.604601860046387, 29.240995407104492, 30.350204467773438, 32.01041316986084, 33.537607192993164, 34.21829795837402, 35.449907302856445, 36.26297569274902, 38.197134017944336, 38.591102600097656, 38.51056480407715, 39.96016502380371, 40.681949615478516, 41.4222469329834, 42.39809989929199, 43.09744644165039, 43.99557685852051, 44.5534610748291, 44.95681381225586, 46.87467575073242, 47.72009468078613, 48.29939270019531, 49.7955379486084, 51.133474349975586, 52.66310691833496, 53.24901580810547, 53.92136573791504, 55.54924392700195, 55.24860763549805, 55.69542694091797, 56.91285514831543, 56.66158485412598, 55.95427131652832, 56.29891014099121, 57.12766456604004, 58.62594795227051, 58.205312728881836, 57.9058895111084, 58.29594802856445, 60.73511505126953, 61.3309326171875, 61.81472206115723, 62.11994934082031, 61.39733123779297, 61.703420639038086, 62.04618453979492, 62.72333526611328, 62.69531440734863, 64.43057441711426, 64.42209243774414, 65.83951568603516, 66.16422271728516, 65.87856674194336, 67.25626373291016, 68.73051071166992, 69.08187103271484, 67.8810806274414, 68.84466171264648, 68.01692962646484, 67.7868537902832, 68.719482421875, 69.55804443359375, 70.72314071655273, 70.95010757446289, 70.33610916137695, 70.64535140991211, 70.10778427124023, 70.81296920776367, 70.560302734375, 70.65202331542969, 71.60354232788086, 71.06216049194336, 72.24559020996094, 73.84628677368164, 72.90505981445312, 74.7151870727539, 74.03488159179688, 74.25055694580078, 73.51494979858398], [8.716067790985107, 6.252482175827026, 3.7856494188308716, 0.0, 3.7856401205062866, 5.444108724594116, 7.6301515102386475, 7.846649885177612, 9.17236614227295, 10.760694026947021, 11.737336158752441, 13.42156171798706, 14.6541109085083, 15.686963558197021, 16.96721076965332, 18.806350708007812, 19.932720184326172, 20.90439510345459, 22.43025493621826, 24.034443855285645, 25.30726432800293, 26.629063606262207, 28.341005325317383, 29.621148109436035, 31.043607711791992, 32.58805274963379, 33.684349060058594, 34.91090965270996, 35.43743133544922, 37.043954849243164, 37.9678955078125, 38.13753318786621, 39.663503646850586, 39.75025749206543, 40.525644302368164, 41.825849533081055, 42.009986877441406, 42.94557571411133, 44.36832809448242, 45.04774284362793, 46.54651641845703, 47.37394714355469, 47.43117141723633, 49.59672737121582, 49.88576889038086, 51.11931800842285, 52.681440353393555, 53.32679748535156, 54.21868133544922, 54.751821517944336, 55.98837852478027, 56.87936973571777, 56.746591567993164, 55.80935287475586, 56.48438262939453, 56.52000427246094, 57.73014450073242, 58.25707817077637, 58.39435386657715, 58.80764579772949, 60.382450103759766, 61.74793815612793, 61.40639686584473, 61.53126907348633, 61.59959030151367, 62.44528770446777, 62.27462577819824, 63.59862518310547, 62.88409614562988, 63.12632369995117, 63.183109283447266, 64.51791000366211, 65.74760818481445, 65.60583114624023, 67.20266723632812, 67.94228744506836, 67.63655090332031, 68.09476470947266, 68.57234954833984, 67.68760681152344, 67.91814041137695, 68.54111862182617, 68.88449096679688, 69.71613311767578, 70.24494552612305, 69.24938201904297, 69.61084747314453, 68.26580047607422, 69.75592041015625, 70.67460250854492, 70.42868423461914, 71.16872024536133, 70.17105865478516, 71.455078125, 73.31768798828125, 72.23643112182617, 73.38594055175781, 72.75718688964844, 72.88494491577148, 72.54501342773438], [11.229488372802734, 8.697360038757324, 6.382744312286377, 3.7856401205062866, 0.0, 3.7856669425964355, 5.3648576736450195, 6.065408945083618, 7.4871602058410645, 9.337872505187988, 10.998164176940918, 11.913354873657227, 13.226253986358643, 14.473010063171387, 15.629262447357178, 16.960293769836426, 18.712862014770508, 19.948665618896484, 21.232797622680664, 22.635722160339355, 24.21117115020752, 25.58607006072998, 26.98466682434082, 28.596574783325195, 29.87838077545166, 31.735543251037598, 32.65584373474121, 34.39109992980957, 35.210771560668945, 36.582414627075195, 37.60568809509277, 38.14373207092285, 38.940120697021484, 39.050275802612305, 39.90485382080078, 41.006608963012695, 41.81386184692383, 42.9028263092041, 43.98092269897461, 44.14077186584473, 45.42173385620117, 45.99582481384277, 46.567426681518555, 48.36278533935547, 48.78083610534668, 50.53493309020996, 51.43599319458008, 51.7293701171875, 53.8878116607666, 54.85886001586914, 56.286827087402344, 56.163848876953125, 56.07060241699219, 56.199195861816406, 55.03471755981445, 56.03260803222656, 57.07901191711426, 57.45191192626953, 58.22501182556152, 59.01581573486328, 59.48272705078125, 60.71492385864258, 60.54716491699219, 61.15353775024414, 61.07790946960449, 60.96103286743164, 61.90798759460449, 62.85342788696289, 62.105079650878906, 61.35122299194336, 62.758018493652344, 62.918046951293945, 64.35763549804688, 64.71743392944336, 64.71782684326172, 65.26766204833984, 67.03329086303711, 65.68191909790039, 66.61209869384766, 65.96788024902344, 67.01215362548828, 67.26833724975586, 67.47963333129883, 67.8707504272461, 69.51001358032227, 69.09392547607422, 68.71183776855469, 67.93928909301758, 68.66382598876953, 70.31901550292969, 69.85032272338867, 69.95676803588867, 70.68222045898438, 70.22103500366211, 71.5420913696289, 72.2047004699707, 72.98533248901367, 71.84423446655273, 72.65422821044922, 71.90821075439453], [12.457501888275146, 10.310604572296143, 8.249163627624512, 5.444108724594116, 3.7856669425964355, 0.0, 3.7856746912002563, 5.389430284500122, 5.956057071685791, 8.281554698944092, 9.364184856414795, 10.343835353851318, 11.508187294006348, 12.813696384429932, 14.462179183959961, 15.56389856338501, 16.89829444885254, 18.49545955657959, 20.05746841430664, 21.123218536376953, 22.678483963012695, 24.094329833984375, 25.49207305908203, 26.98921489715576, 28.182138442993164, 30.021634101867676, 31.376288414001465, 32.45697784423828, 33.754493713378906, 35.0245475769043, 36.40605354309082, 36.84819030761719, 38.16610145568848, 38.540517807006836, 39.06476402282715, 39.86817932128906, 40.87676429748535, 42.2105770111084, 42.629852294921875, 42.584035873413086, 44.386404037475586, 45.2093448638916, 45.645029067993164, 47.35630989074707, 48.20940017700195, 49.54290580749512, 50.278873443603516, 50.93498611450195, 52.554744720458984, 53.922109603881836, 54.695796966552734, 56.22572708129883, 56.08347702026367, 55.2211971282959, 54.38883590698242, 55.557010650634766, 57.59633445739746, 57.85399627685547, 57.95742988586426, 57.97724723815918, 59.12930679321289, 60.30896759033203, 60.35219764709473, 60.60308837890625, 60.58987998962402, 60.60845375061035, 61.409420013427734, 62.37959289550781, 61.99483299255371, 62.461965560913086, 61.65552520751953, 62.820125579833984, 63.55216598510742, 64.46399307250977, 65.0680046081543, 65.71824264526367, 66.20002746582031, 65.58650588989258, 66.03723907470703, 66.4118537902832, 67.53425979614258, 68.39177322387695, 68.62487411499023, 68.62506866455078, 69.01574325561523, 68.6505241394043, 69.10398864746094, 68.42617797851562, 70.04692077636719, 70.58823013305664, 69.95694351196289, 70.7579460144043, 70.80756759643555, 71.57461166381836, 73.42550277709961, 73.5226936340332, 72.4893569946289, 71.83268737792969, 72.34414672851562, 72.0721321105957], [12.572559356689453, 10.459542274475098, 8.99161958694458, 7.6301515102386475, 5.3648576736450195, 3.7856746912002563, 0.0, 3.785672426223755, 5.417808771133423, 6.726906061172485, 8.26652717590332, 9.635416507720947, 10.25294017791748, 11.076801776885986, 12.966615200042725, 14.565274715423584, 15.500373363494873, 16.752464294433594, 18.745559692382812, 19.87289810180664, 20.99702548980713, 22.633435249328613, 24.282888412475586, 25.55000591278076, 26.997048377990723, 28.786834716796875, 29.92620277404785, 31.280375480651855, 32.36721420288086, 33.651817321777344, 34.98238754272461, 35.371530532836914, 37.017168045043945, 37.38681983947754, 38.51163291931152, 38.921525955200195, 39.78363227844238, 41.02958297729492, 41.335805892944336, 42.02068328857422, 43.03097152709961, 45.10475540161133, 46.42463684082031, 47.68228721618652, 47.54081344604492, 48.79333305358887, 49.50956916809082, 50.310367584228516, 50.68588447570801, 51.887020111083984, 53.407508850097656, 54.72238540649414, 54.52215766906738, 54.31610107421875, 53.9334602355957, 55.67161178588867, 57.07848930358887, 57.09630584716797, 57.25760459899902, 57.91403388977051, 57.90646553039551, 58.8640193939209, 60.06694412231445, 59.481130599975586, 60.124338150024414, 59.20124435424805, 60.12601661682129, 60.92266845703125, 61.25741386413574, 61.68345260620117, 62.290313720703125, 61.84193801879883, 63.27371025085449, 64.15660095214844, 64.2650146484375, 65.70616149902344, 66.27674865722656, 65.3791618347168, 66.42813491821289, 65.00230026245117, 66.89236068725586, 68.03674697875977, 69.44096374511719, 68.42090606689453, 67.65280151367188, 67.31816482543945, 68.64406967163086, 68.72936248779297, 69.22999572753906, 69.3665542602539, 69.09773254394531, 70.08128356933594, 70.58589553833008, 71.2451171875, 72.43181610107422, 72.82975769042969, 72.35412216186523, 71.14099884033203, 70.78007888793945, 71.5281753540039], [13.787722110748291, 11.732321739196777, 9.764840126037598, 7.846649885177612, 6.065408945083618, 5.389430284500122, 3.785672426223755, 0.0, 3.7856483459472656, 5.423401355743408, 6.748212099075317, 8.304187774658203, 10.026726722717285, 10.147346019744873, 11.19281530380249, 13.127167701721191, 14.41225528717041, 15.30048656463623, 16.88055992126465, 18.640573501586914, 19.82256507873535, 21.0426082611084, 22.817076683044434, 24.21261978149414, 25.643949508666992, 27.334898948669434, 28.66542625427246, 29.977913856506348, 30.916357040405273, 32.35768508911133, 33.428911209106445, 34.504743576049805, 35.52946662902832, 35.512184143066406, 37.58467483520508, 37.45527458190918, 38.03364181518555, 39.18100166320801, 39.686710357666016, 40.59254264831543, 41.88248825073242, 42.993350982666016, 44.4625244140625, 46.012033462524414, 47.45819664001465, 48.13106727600098, 48.933170318603516, 49.68275451660156, 51.19357109069824, 51.99715232849121, 54.17144775390625, 53.20919418334961, 53.883161544799805, 54.420827865600586, 53.0364875793457, 54.23341751098633, 54.67705154418945, 55.66212272644043, 56.074954986572266, 56.80733871459961, 57.66045570373535, 58.70767784118652, 58.27976417541504, 59.234195709228516, 58.905595779418945, 58.16469955444336, 58.641292572021484, 59.38348960876465, 59.64227294921875, 60.18844223022461, 60.49310302734375, 61.30546188354492, 62.661550521850586, 62.40271186828613, 63.4167423248291, 64.66384506225586, 64.44820404052734, 64.07795906066895, 64.80572891235352, 64.65172958374023, 65.31715774536133, 66.36053466796875, 67.71696090698242, 67.63404083251953, 67.73225021362305, 67.76686477661133, 67.72968292236328, 67.25027465820312, 68.22349166870117, 69.07496643066406, 69.78913879394531, 69.69551849365234, 69.60965728759766, 70.78453826904297, 72.04163360595703, 71.58366394042969, 70.76236343383789, 70.26992797851562, 70.73674011230469, 70.66935348510742], [15.815872192382812, 13.656452178955078, 11.162460327148438, 9.17236614227295, 7.4871602058410645, 5.956057071685791, 5.417808771133423, 3.7856483459472656, 0.0, 3.7856365442276, 5.454155445098877, 6.446744918823242, 7.838390827178955, 9.0495285987854, 10.126294612884521, 11.802634239196777, 12.863216400146484, 14.198389530181885, 15.576692581176758, 16.96305561065674, 18.51160430908203, 19.871216773986816, 21.26403522491455, 23.043678283691406, 24.227497100830078, 25.844624519348145, 27.164719581604004, 28.552706718444824, 29.73654079437256, 31.267834663391113, 32.67483139038086, 33.15406036376953, 34.44487762451172, 34.89187049865723, 36.18690490722656, 36.743337631225586, 37.520652770996094, 38.944875717163086, 39.92641830444336, 39.861982345581055, 41.67829895019531, 42.31762504577637, 43.31268119812012, 45.45720100402832, 46.38566589355469, 48.14383316040039, 48.60828399658203, 49.430952072143555, 50.47271537780762, 51.653371810913086, 52.30588150024414, 53.97968101501465, 53.998817443847656, 53.89568328857422, 53.00908851623535, 54.14365768432617, 54.60165977478027, 54.92365837097168, 55.560874938964844, 56.12947654724121, 56.876426696777344, 57.87212371826172, 58.39534568786621, 58.45615577697754, 58.32255744934082, 58.1360969543457, 58.404571533203125, 59.232160568237305, 60.16252899169922, 59.884178161621094, 59.71247482299805, 60.62824821472168, 61.54216766357422, 62.342193603515625, 63.331844329833984, 64.10247611999512, 64.26576805114746, 63.06774139404297, 64.47340393066406, 64.29190063476562, 64.93378067016602, 65.9088363647461, 66.38450241088867, 67.05695343017578, 67.25431442260742, 67.89558792114258, 67.90624237060547, 66.94959259033203, 67.4406967163086, 67.54133605957031, 68.79204940795898, 69.21116256713867, 70.3771858215332, 71.15388107299805, 71.74946212768555, 70.82954788208008, 69.91548538208008, 70.57226943969727, 70.8538818359375, 70.45449829101562], [16.7595157623291, 14.68966817855835, 13.021159172058105, 10.760694026947021, 9.337872505187988, 8.281554698944092, 6.726906061172485, 5.423401355743408, 3.7856365442276, 0.0, 3.785677194595337, 5.432861089706421, 6.1016035079956055, 6.59508204460144, 8.811464309692383, 10.069412231445312, 10.832561016082764, 12.339677810668945, 14.111228942871094, 15.200007438659668, 16.439982414245605, 18.23330307006836, 19.762839317321777, 20.796393394470215, 22.443989753723145, 24.18901252746582, 25.15486717224121, 26.450428009033203, 27.863261222839355, 28.98158359527588, 30.383551597595215, 31.32294464111328, 32.75514793395996, 33.4432487487793, 34.4453010559082, 35.02815628051758, 35.69549560546875, 37.71890830993652, 37.57099723815918, 38.904945373535156, 40.75762748718262, 41.01124382019043, 42.61437797546387, 43.61399459838867, 45.304996490478516, 46.79910469055176, 47.22704887390137, 47.97852325439453, 49.57944107055664, 51.029184341430664, 51.80613899230957, 52.43999671936035, 51.72502136230469, 51.917179107666016, 52.32017707824707, 53.671499252319336, 54.00079917907715, 53.649030685424805, 54.68490028381348, 54.43301963806152, 55.24370574951172, 56.517173767089844, 57.13101577758789, 56.97595405578613, 56.101890563964844, 56.304121017456055, 57.26495552062988, 56.789201736450195, 58.581281661987305, 59.1708984375, 59.81086540222168, 60.253984451293945, 60.592023849487305, 61.29295539855957, 62.20707702636719, 63.54121971130371, 63.56326866149902, 62.46945381164551, 62.88510513305664, 62.63705825805664, 63.51875686645508, 64.28534507751465, 65.47721862792969, 65.71868133544922, 66.19580078125, 66.75659561157227, 67.7323226928711, 66.70166397094727, 67.80354309082031, 68.02968978881836, 68.90481567382812, 69.8625717163086, 70.37674713134766, 70.82167053222656, 70.943603515625, 70.54911422729492, 70.596435546875, 70.8510627746582, 71.11376571655273, 71.11637115478516], [17.393494606018066, 15.158426284790039, 13.685728073120117, 11.737336158752441, 10.998164176940918, 9.364184856414795, 8.26652717590332, 6.748212099075317, 5.454155445098877, 3.785677194595337, 0.0, 3.7856616973876953, 5.329151630401611, 5.090312242507935, 6.5214972496032715, 8.733384132385254, 9.782896041870117, 10.66079044342041, 12.557261943817139, 14.09595251083374, 15.13923978805542, 16.572969436645508, 18.486345291137695, 19.702926635742188, 21.14482593536377, 22.750161170959473, 24.111772537231445, 25.35899829864502, 26.66323184967041, 28.186372756958008, 29.417484283447266, 30.452214241027832, 31.8879337310791, 32.28907775878906, 33.71652793884277, 34.33759880065918, 34.55409622192383, 36.10158920288086, 36.80933380126953, 38.07200050354004, 39.84642791748047, 40.07898139953613, 41.65304756164551, 43.72157096862793, 44.496097564697266, 46.20491981506348, 46.664424896240234, 47.69160270690918, 49.56595802307129, 50.33938217163086, 51.97748374938965, 51.820425033569336, 51.388694763183594, 51.75447654724121, 52.627323150634766, 52.610145568847656, 52.68919372558594, 54.02680587768555, 54.17157554626465, 53.79434394836426, 54.5374870300293, 56.132781982421875, 56.49052429199219, 56.68088912963867, 55.41781425476074, 55.780879974365234, 56.47985649108887, 57.27358818054199, 57.869943618774414, 59.291507720947266, 59.516334533691406, 59.53809356689453, 60.52529335021973, 59.92040252685547, 61.382184982299805, 62.19820976257324, 62.36794662475586, 62.736040115356445, 62.489362716674805, 62.72465705871582, 62.37027168273926, 63.3053092956543, 64.26457977294922, 64.69845581054688, 65.77352523803711, 66.7337760925293, 67.30815124511719, 65.90945434570312, 68.02448654174805, 68.23739624023438, 68.5727310180664, 68.05955505371094, 69.37445068359375, 69.76096725463867, 70.08773803710938, 69.37426376342773, 70.01857376098633, 69.76494598388672, 70.8637466430664, 71.61199188232422], [19.000842094421387, 16.86293315887451, 14.87553358078003, 13.42156171798706, 11.913354873657227, 10.343835353851318, 9.635416507720947, 8.304187774658203, 6.446744918823242, 5.432861089706421, 3.7856616973876953, 0.0, 3.7856686115264893, 5.36090087890625, 5.092756986618042, 6.436800479888916, 8.731242179870605, 9.806886672973633, 10.661924362182617, 12.395528793334961, 14.163689613342285, 15.264443397521973, 16.551240921020508, 18.384243965148926, 19.953136444091797, 21.258849143981934, 22.58105182647705, 24.073918342590332, 25.303126335144043, 26.580893516540527, 27.933679580688477, 29.234610557556152, 30.561850547790527, 31.493358612060547, 32.94029426574707, 32.99710273742676, 33.70353698730469, 35.278072357177734, 35.76068305969238, 36.4522705078125, 38.53791427612305, 39.71943664550781, 40.89397621154785, 42.26254844665527, 43.521568298339844, 45.20076370239258, 46.936195373535156, 48.42110824584961, 50.63418960571289, 50.79104423522949, 51.42635917663574, 52.28037071228027, 52.13625907897949, 52.142066955566406, 51.45838737487793, 52.94830894470215, 52.23027992248535, 53.41323280334473, 54.768741607666016, 54.77300262451172, 54.03365898132324, 54.77116584777832, 55.37247085571289, 55.67844581604004, 55.8996696472168, 55.750946044921875, 55.88788986206055, 57.04185104370117, 57.474674224853516, 58.931209564208984, 58.12255096435547, 59.44899940490723, 59.127220153808594, 59.331993103027344, 60.850685119628906, 61.275550842285156, 61.978458404541016, 63.67342758178711, 63.21485137939453, 62.62843704223633, 63.70122146606445, 63.84232521057129, 65.26128387451172, 65.86230850219727, 66.60408401489258, 67.27323150634766, 67.54341888427734, 65.58174896240234, 67.69733810424805, 67.15401458740234, 68.22832489013672, 68.9112434387207, 69.60351943969727, 70.41755676269531, 70.31222915649414, 70.25492477416992, 70.21957015991211, 70.58717727661133, 71.98851013183594, 71.69093704223633], [20.70945453643799, 18.604055404663086, 16.203903198242188, 14.6541109085083, 13.226253986358643, 11.508187294006348, 10.25294017791748, 10.026726722717285, 7.838390827178955, 6.1016035079956055, 5.329151630401611, 3.7856686115264893, 0.0, 3.7856192588806152, 5.381453990936279, 5.054142713546753, 6.368933439254761, 8.725160121917725, 9.782146453857422, 10.535489559173584, 12.516242980957031, 14.157763004302979, 15.18925428390503, 16.54831600189209, 18.377836227416992, 19.842681884765625, 20.909438133239746, 22.475098609924316, 23.985055923461914, 25.206735610961914, 26.56541347503662, 27.834718704223633, 29.414956092834473, 30.075201988220215, 31.45661735534668, 32.01347541809082, 32.296207427978516, 34.17238807678223, 34.737674713134766, 35.276615142822266, 37.67751884460449, 38.2379150390625, 40.17704963684082, 42.02489471435547, 42.70620346069336, 44.80899238586426, 46.25464057922363, 47.40337562561035, 49.262285232543945, 49.70242118835449, 50.615095138549805, 51.447689056396484, 51.736955642700195, 51.93672752380371, 51.09481620788574, 51.79652786254883, 52.32377624511719, 52.93404960632324, 54.09318923950195, 53.45413589477539, 53.130178451538086, 54.118595123291016, 54.9346981048584, 55.10726356506348, 55.24464988708496, 55.70524024963379, 56.413265228271484, 57.14973449707031, 57.710243225097656, 58.19808387756348, 57.90704536437988, 58.57029914855957, 58.62604904174805, 58.77092170715332, 60.567556381225586, 61.424522399902344, 61.748104095458984, 62.26686096191406, 62.33977127075195, 62.361684799194336, 63.51165962219238, 64.06623458862305, 64.21867752075195, 64.58811950683594, 65.15832138061523, 66.27392959594727, 67.07692337036133, 66.0403823852539, 67.40321731567383, 67.5312614440918, 67.52046966552734, 69.1977653503418, 68.8978271484375, 69.10637664794922, 69.02922439575195, 69.00699996948242, 70.40592956542969, 69.70971298217773, 71.57384872436523, 71.99125289916992], [21.213297843933105, 18.942272186279297, 17.32770538330078, 15.686963558197021, 14.473010063171387, 12.813696384429932, 11.076801776885986, 10.147346019744873, 9.0495285987854, 6.59508204460144, 5.090312242507935, 5.36090087890625, 3.7856192588806152, 0.0, 3.785681962966919, 5.360820531845093, 5.071516275405884, 6.382256507873535, 8.764802932739258, 9.747866153717041, 10.623801231384277, 12.502447605133057, 14.20112419128418, 15.260852813720703, 16.777610778808594, 18.589295387268066, 19.86632251739502, 20.799948692321777, 22.462770462036133, 24.03050136566162, 25.24244499206543, 26.824225425720215, 28.040980339050293, 28.810553550720215, 30.126852989196777, 30.20180606842041, 31.418023109436035, 33.071922302246094, 33.84055137634277, 34.95554542541504, 37.19835662841797, 37.7108268737793, 39.26970672607422, 40.960927963256836, 42.202741622924805, 43.84603691101074, 45.15102005004883, 46.838802337646484, 47.547780990600586, 48.524574279785156, 49.945682525634766, 50.420854568481445, 50.70528793334961, 50.79786682128906, 50.92636489868164, 50.35049819946289, 50.98407745361328, 51.99764823913574, 52.677947998046875, 52.6129093170166, 53.20993423461914, 54.01448631286621, 53.79241180419922, 54.89250373840332, 54.37472152709961, 54.98862075805664, 55.072153091430664, 56.57602882385254, 58.041372299194336, 57.962623596191406, 57.90722465515137, 58.00025939941406, 57.84737968444824, 57.2720890045166, 59.34813690185547, 61.173362731933594, 62.22804641723633, 61.4245719909668, 62.25664710998535, 62.01016044616699, 62.57542610168457, 63.71402549743652, 63.14869499206543, 63.442169189453125, 64.55929183959961, 65.05820846557617, 66.1051254272461, 66.31756973266602, 67.49523544311523, 67.54342269897461, 67.77218246459961, 68.66621017456055, 68.39591979980469, 69.03677368164062, 68.39218521118164, 68.55861282348633, 68.61933898925781, 67.53721237182617, 70.33686065673828, 69.93060302734375], [22.088289260864258, 20.173980712890625, 18.577147483825684, 16.96721076965332, 15.629262447357178, 14.462179183959961, 12.966615200042725, 11.19281530380249, 10.126294612884521, 8.811464309692383, 6.5214972496032715, 5.092756986618042, 5.381453990936279, 3.785681962966919, 0.0, 3.7856279611587524, 5.355275630950928, 5.065377235412598, 6.4598305225372314, 8.732155799865723, 9.813437461853027, 10.672898292541504, 12.586266994476318, 14.185157775878906, 15.694509029388428, 17.035701751708984, 18.560717582702637, 19.838473320007324, 21.02757167816162, 22.737313270568848, 24.102049827575684, 25.463300704956055, 26.742928504943848, 28.082478523254395, 29.041144371032715, 29.47083282470703, 30.429760932922363, 32.10981845855713, 32.966182708740234, 34.33176803588867, 36.200645446777344, 36.608375549316406, 38.159780502319336, 39.438167572021484, 40.937992095947266, 42.60731315612793, 43.91874313354492, 46.03240394592285, 47.38436508178711, 47.9259033203125, 49.31244087219238, 49.72108459472656, 49.703330993652344, 49.91656494140625, 50.0942440032959, 50.33737564086914, 51.26665115356445, 51.8503532409668, 53.4980525970459, 52.89408874511719, 52.73923301696777, 52.80038642883301, 52.42251014709473, 54.37761306762695, 54.01592254638672, 54.22210121154785, 54.8380241394043, 55.15888977050781, 56.41580009460449, 56.48649787902832, 57.00509452819824, 57.383766174316406, 57.98468780517578, 58.36767578125, 59.353904724121094, 60.8766975402832, 60.62590789794922, 60.75142860412598, 61.936445236206055, 61.45433807373047, 62.35367965698242, 62.84975814819336, 62.2486686706543, 63.37932014465332, 64.55561447143555, 65.03024291992188, 65.15552520751953, 65.54378509521484, 66.62133407592773, 66.8752555847168, 67.36801147460938, 68.11919403076172, 68.63811111450195, 68.8974494934082, 68.79714965820312, 67.79579544067383, 68.78792190551758, 68.98271560668945, 69.7277603149414, 68.41606521606445], [23.69874858856201, 22.282509803771973, 20.035951614379883, 18.806350708007812, 16.960293769836426, 15.56389856338501, 14.565274715423584, 13.127167701721191, 11.802634239196777, 10.069412231445312, 8.733384132385254, 6.436800479888916, 5.054142713546753, 5.360820531845093, 3.7856279611587524, 0.0, 3.785677671432495, 5.378108501434326, 5.106477975845337, 6.365394592285156, 8.7628173828125, 9.795632362365723, 10.695027828216553, 12.59545612335205, 14.394962310791016, 15.670423984527588, 16.968862533569336, 18.71623706817627, 19.996542930603027, 21.48019504547119, 22.8934268951416, 24.16103172302246, 25.610257148742676, 26.429384231567383, 28.06519317626953, 28.59400177001953, 29.415425300598145, 31.806559562683105, 32.50494194030762, 33.66849327087402, 35.48733711242676, 35.85021781921387, 37.79090881347656, 39.702070236206055, 41.24015998840332, 43.01540946960449, 43.49767875671387, 45.45702934265137, 47.09051704406738, 47.7647590637207, 48.866315841674805, 49.38738250732422, 49.424062728881836, 50.01156234741211, 50.188486099243164, 51.24040412902832, 51.47565269470215, 52.03640174865723, 52.812734603881836, 53.14502143859863, 52.64114761352539, 53.11021041870117, 53.60447311401367, 53.88352966308594, 54.13876914978027, 55.11270332336426, 55.258955001831055, 55.87740898132324, 55.83865928649902, 56.295326232910156, 56.33176040649414, 56.29893684387207, 57.12974548339844, 58.1362419128418, 58.669424057006836, 59.252885818481445, 60.22123908996582, 60.526350021362305, 61.35094451904297, 61.833412170410156, 62.61096954345703, 63.21231651306152, 62.8439884185791, 63.68638801574707, 65.63980102539062, 65.89359283447266, 66.12417602539062, 66.36710739135742, 66.57822036743164, 66.95722961425781, 68.34700775146484, 68.16892623901367, 68.78911209106445, 68.62994003295898, 69.30230712890625, 69.18071746826172, 69.94321823120117, 68.31274032592773, 70.31531524658203, 69.76330184936523], [25.101776123046875, 23.34989070892334, 21.174144744873047, 19.932720184326172, 18.712862014770508, 16.89829444885254, 15.500373363494873, 14.41225528717041, 12.863216400146484, 10.832561016082764, 9.782896041870117, 8.731242179870605, 6.368933439254761, 5.071516275405884, 5.355275630950928, 3.785677671432495, 0.0, 3.785632848739624, 5.371680974960327, 5.065131425857544, 6.453383684158325, 8.756499290466309, 9.837163925170898, 10.851594924926758, 12.702016830444336, 14.405982971191406, 15.482117652893066, 16.907312393188477, 18.381610870361328, 20.064159393310547, 21.28128147125244, 22.74004554748535, 24.42181396484375, 25.285578727722168, 26.714470863342285, 27.208133697509766, 28.253265380859375, 30.110383987426758, 31.410786628723145, 32.47201156616211, 34.96385192871094, 34.90681838989258, 37.07975196838379, 38.72696304321289, 40.240196228027344, 41.7583065032959, 42.707374572753906, 44.15616798400879, 46.17935752868652, 47.15068054199219, 48.35979080200195, 48.622297286987305, 49.076904296875, 49.55126190185547, 49.141523361206055, 49.305870056152344, 49.918880462646484, 51.02605056762695, 51.40939140319824, 52.10030555725098, 52.643463134765625, 53.47844886779785, 53.59906005859375, 54.00434494018555, 53.76263427734375, 54.08978462219238, 54.31899833679199, 55.04364013671875, 56.527875900268555, 55.80453300476074, 56.27617835998535, 56.95670700073242, 57.250282287597656, 56.810102462768555, 56.95961570739746, 59.893707275390625, 60.211374282836914, 60.59576606750488, 61.41020965576172, 61.99817657470703, 63.223350524902344, 62.86164665222168, 62.21305274963379, 63.14666557312012, 64.28398895263672, 65.37884902954102, 66.05820083618164, 66.8025016784668, 67.42974853515625, 67.20448684692383, 68.29349136352539, 68.14543914794922, 68.6037826538086, 67.78323745727539, 68.86206436157227, 68.8874397277832, 69.14087295532227, 67.1940803527832, 69.61611938476562, 69.5865249633789], [25.80738925933838, 24.141201972961426, 22.410844802856445, 20.90439510345459, 19.948665618896484, 18.49545955657959, 16.752464294433594, 15.30048656463623, 14.198389530181885, 12.339677810668945, 10.66079044342041, 9.806886672973633, 8.725160121917725, 6.382256507873535, 5.065377235412598, 5.378108501434326, 3.785632848739624, 0.0, 3.7856390476226807, 5.361265659332275, 5.095937490463257, 6.513952970504761, 8.842389106750488, 10.020992279052734, 11.558528423309326, 13.091064929962158, 14.58400