{"radius_of_giration": [40.501, 38.24, 32.355, 36.665, 26.932, 28.008, 38.359, 20.731, 36.025, 28.505, 37.282, 32.361, 30.005, 31.024, 32.782, 36.908, 30.851, 22.436, 23.294, 33.913, 25.331, 26.691, 52.768, 36.696, 38.846, 27.418, 28.582, 30.745, 46.817, 30.847, 30.669, 49.601, 26.393, 50.654, 38.288, 32.515, 43.701, 35.819, 42.433, 33.733, 27.769, 21.377, 25.085, 29.879, 33.694, 23.999, 50.39, 30.709, 46.562, 26.194, 26.605, 51.087, 42.106, 30.075, 30.066, 35.894, 23.285, 37.66, 27.44, 25.473, 26.828, 27.074, 45.596, 26.93, 27.489, 38.81, 43.518, 33.543, 27.641, 39.021, 31.147, 33.104, 45.349, 35.999, 35.823, 37.351, 36.925, 33.114, 29.747, 36.702, 22.594, 22.238, 38.36, 38.484, 47.529, 31.249, 34.517, 32.377, 36.475, 44.166, 27.251, 32.543, 32.496, 44.742, 32.56, 21.781, 30.76, 35.441, 41.751, 40.082, 20.939, 31.791, 40.053, 43.387, 28.879, 35.193, 24.19, 28.792, 38.698, 41.961, 39.593, 45.028, 25.103, 45.596, 37.924, 25.78, 32.286, 27.647, 46.43, 33.788, 27.723, 25.396, 39.139, 24.875, 37.86, 30.336, 45.082, 34.914, 23.922, 40.937, 32.97, 27.587, 36.996, 38.441, 24.277, 27.485, 37.644, 47.536, 48.613, 44.593, 28.182, 29.414, 29.117, 37.699, 39.08, 37.086, 31.514, 27.468, 31.346, 38.73, 27.682, 40.915, 28.602, 34.389, 40.115, 42.068, 29.919, 38.338, 47.68, 32.249, 28.443, 38.374, 46.634, 35.418, 38.649, 44.33, 32.012, 28.466, 43.516, 26.208, 42.044, 36.106, 29.959, 39.17, 36.001, 36.515, 30.17, 36.088, 24.941, 42.179, 30.137, 32.123, 38.487, 26.838, 33.013, 43.201, 28.164, 34.123, 37.628, 57.777, 28.258, 51.751, 33.372, 37.713, 36.628, 26.199, 43.084, 35.885, 31.859, 33.213], "ss_entropy": [0.0, 0.1985152433458726, 0.1985152433458726, 0.167944147734173, 0.167944147734173, 0.098039113279732, 0.2129821973127643, 0.24050910155399824, 0.1835211367833753, 0.13474216817976675, 0.11690684913753106, 0.2129821973127643, 0.07788250941109637, 0.1985152433458726, 0.1517144790378862, 0.13474216817976675, 0.056001534354847345, 0.1517144790378862, 0.1517144790378862, 0.11690684913753106, 0.2129821973127643, 0.1835211367833753, 0.25363894692169137, 0.098039113279732, 0.22696752250060448, 0.1835211367833753, 0.13474216817976675, 0.03147906594716675, 0.2787693717685874, 0.098039113279732, 0.5510799280869728, 0.07788250941109637, 0.2787693717685874, 0.056001534354847345, 0.1985152433458726, 0.0, 0.0, 0.098039113279732, 0.0, 0.0, 0.0, 0.03147906594716675, 0.056001534354847345, 0.07788250941109637, 0.1985152433458726, 0.0, 0.0, 0.07788250941109637, 0.5139566706172256, 0.098039113279732, 0.6442963757652278, 0.6931471805599453, 0.22696752250060448, 0.056001534354847345, 0.2663844632679204, 0.0, 0.2663844632679204, 0.098039113279732, 0.37677016125643675, 0.1985152433458726, 0.1835211367833753, 0.0, 0.13474216817976675, 0.03147906594716675, 0.0, 0.11690684913753106, 0.0, 0.0, 0.06293300616044681, 0.3089109846691023, 0.08743022193551855, 0.4216413247840434, 0.08743022193551855, 0.2958350483099868, 0.19043755351892533, 0.741408942293918, 0.20735791574096976, 0.056001534354847345, 0.4116163327275102, 0.056001534354847345, 0.056001534354847345, 0.056001534354847345, 0.17265391463837018, 0.056001534354847345, 0.5177935703242786, 0.13373214081276247, 0.35759127073059305, 0.28234708920188, 0.35759127073059305, 0.056001534354847345, 0.19043755351892533, 0.10928581617210817, 0.15553658359656514, 0.21216427435664187, 0.3628479009474007, 0.12941690972598574, 0.2651583725982932, 0.19567003495657082, 0.098039113279732, 0.0], "median_solvent_accessibility": [0.8, 0.7777777777777778, 0.75, 0.7777777777777778, 0.8333333333333334, 0.8181818181818181, 0.75, 0.6923076923076923, 0.6899038461538461, 0.6666666666666667, 0.5669642857142857, 0.625, 0.6428571428571428, 0.5833333333333333, 0.5833333333333333, 0.6076923076923078, 0.5454545454545454, 0.5384615384615384, 0.5, 0.5, 0.5555555555555556, 0.5384615384615384, 0.5555555555555556, 0.5555555555555556, 0.6306818181818181, 0.5833333333333333, 0.6153846153846154, 0.6, 0.6770833333333334, 0.6666666666666667, 0.7573529411764706, 0.625, 0.7692307692307692, 0.7386363636363636, 0.7777777777777778, 0.75, 0.8181818181818181, 0.8, 0.7735042735042734, 0.7777777777777778, 0.7735042735042734, 0.8, 0.8181818181818181, 0.7777777777777778, 0.75, 0.75, 0.7, 0.7142857142857143, 0.7692307692307692, 0.7, 0.7, 0.7, 0.6363636363636364, 0.7, 0.7, 0.6666666666666667, 0.7692307692307692, 0.7272727272727273, 0.7692307692307692, 0.7, 0.6666666666666667, 0.7272727272727273, 0.7857142857142857, 0.7777777777777778, 0.8333333333333334, 0.6396103896103895, 0.75, 0.8333333333333334, 0.7272727272727273, 0.7071428571428571, 0.75, 0.7692307692307692, 0.6899038461538461, 0.7071428571428571, 0.7272727272727273, 0.7272727272727273, 0.6428571428571428, 0.6666666666666667, 0.7, 0.6899038461538461, 0.75, 0.7735042735042734, 0.5, 0.7596153846153846, 0.7142857142857143, 0.6666666666666667, 0.75, 0.6899038461538461, 0.7142857142857143, 0.75, 0.7272727272727273, 0.6923076923076923, 0.75, 0.7, 0.7573529411764706, 0.7272727272727273, 0.7777777777777778, 0.875, 0.9230769230769231, 0.9], "median_rsmd": [2.427567003993097, 2.282691579121894, 2.125531299948119, 2.6561261676574666, 2.431398971123768, 2.0754295116426222, 2.3708110144896217, 2.194997530997111, 2.5149856816825085, 2.8826388131993292, 2.006166605900912, 1.9228339106037988, 2.1455762732488743, 2.6174962792781256, 3.0336722468836825, 2.748918770138609, 2.4789176076877157, 2.987265528830471, 2.737988694479797, 2.529491624337996, 2.0590827205286617, 2.0621856844874435, 2.055879297818514, 1.8863730452169922, 1.7909696195319966, 1.9414428929339802, 1.7382863430210957, 1.9013289374986275, 1.7436577831428273, 1.5359516581381305, 1.6330128029572533, 1.4818504241181494, 1.3816435456038694, 1.5020461965184213, 2.257243447292856, 2.094848825956713, 1.195650732371289, 0.6041954911454841, 1.1925712732055602, 1.4246447713465935, 1.1587608355042482, 1.0123383713453975, 1.09001858409164, 0.9253921397416943, 0.8678893802654365, 2.0344195323465946, 1.8800323528379133, 1.6635106319456896, 1.7178994700794692, 1.7448126403822306, 1.8254513499973763, 2.0112856958078513, 2.057382645231591, 1.4290561520191793, 1.605282436643275, 1.550959352479996, 1.966340334362326, 2.0420092249693256, 2.000882502853509, 0.9722294759970939, 1.2254529163236112, 1.2810431004807912, 1.082185712371728, 1.0280079478833346, 1.0224213881669595, 0.8005666465512233, 1.2097135454376668, 1.4995286085980444, 1.6157902967039628, 1.756014760069894, 1.9286125473123326, 1.7546286746467232, 1.8500466890436094, 1.6544717858395144, 1.5397105430683826, 1.074197586727281, 1.9893386232206554, 2.103910644000156, 1.8515073303709249, 1.6820433052722406, 1.716519248617377, 1.189615263349455, 1.3563537340514173, 1.4967194630677059, 1.8938016059266352, 2.0240614819888876, 2.144212107068467, 2.153221444189143, 1.9016655077863294, 2.361226681396248, 2.046610818726432, 2.0003356936657157, 2.1832017409161084, 2.3010658964388284, 2.3192704117597636], "median_distance": [[0.0, 3.785698652267456, 6.309319972991943, 8.72706937789917, 11.156702995300293, 12.306309700012207, 13.108892917633057, 14.017648220062256, 15.979234218597412, 17.11795997619629, 18.045409202575684, 19.62932586669922, 21.03890323638916, 21.89943790435791, 22.72616481781006, 24.29428195953369, 25.558911323547363, 26.58126735687256, 27.62895679473877, 29.605429649353027, 30.770326614379883, 31.474413871765137, 33.31868553161621, 34.405649185180664, 35.43348503112793, 36.620771408081055, 37.66394233703613, 38.37742614746094, 39.26703643798828, 40.218482971191406, 41.41211700439453, 42.12027549743652, 43.21660804748535, 44.533700942993164, 45.251874923706055, 46.11531066894531, 46.334157943725586, 47.97461128234863, 49.51192855834961, 50.91549873352051, 52.18948745727539, 53.114206314086914, 55.72014236450195, 55.968379974365234, 56.903032302856445, 58.13345718383789, 59.030900955200195, 60.22786331176758, 60.99801445007324, 61.19502258300781, 61.42763328552246, 62.50096321105957, 62.772268295288086, 62.36273956298828, 63.542236328125, 65.07536315917969, 65.00139617919922, 64.01446151733398, 64.31991195678711, 64.36989974975586, 64.53651428222656, 64.93721771240234, 65.93523788452148, 67.17327880859375, 67.5730209350586, 68.70497131347656, 69.42594146728516, 69.22395324707031, 69.73191452026367, 69.25676727294922, 69.45340728759766, 69.0798225402832, 70.36440658569336, 70.88224029541016, 70.63374710083008, 70.95240020751953, 72.41634750366211, 71.73307800292969, 72.2332649230957, 73.34577560424805, 73.2126579284668, 73.17898559570312, 73.13007354736328, 72.75767135620117, 72.8538703918457, 74.0692024230957, 74.09073257446289, 74.54573059082031, 73.7603988647461, 73.98052215576172, 73.30796813964844, 73.37560653686523, 73.03422927856445, 72.92957305908203, 72.97982025146484, 73.8200912475586, 74.57621002197266, 75.40166091918945, 75.2081527709961, 77.52405548095703], [3.785698652267456, 0.0, 3.7856218814849854, 6.3640453815460205, 8.542358875274658, 9.885071277618408, 10.684583187103271, 11.766664028167725, 13.551479816436768, 14.765167713165283, 15.864987850189209, 17.37994956970215, 18.775782585144043, 19.49546241760254, 20.898228645324707, 22.693238258361816, 23.702486991882324, 24.866470336914062, 26.31229019165039, 27.870206832885742, 28.88290786743164, 30.405795097351074, 31.881295204162598, 32.930898666381836, 34.108652114868164, 35.105947494506836, 35.81282997131348, 36.77216720581055, 37.67012596130371, 38.96791458129883, 40.13210487365723, 40.71975898742676, 42.15105628967285, 43.38760566711426, 43.695505142211914, 44.437917709350586, 45.70023727416992, 46.88021278381348, 48.902753829956055, 50.05681228637695, 52.03959083557129, 52.97053146362305, 54.347429275512695, 55.739601135253906, 56.503292083740234, 57.37903022766113, 58.637617111206055, 59.36409950256348, 59.98582649230957, 60.59915733337402, 61.395612716674805, 60.69465446472168, 62.184242248535156, 62.19599151611328, 62.431427001953125, 63.31245040893555, 63.71271514892578, 62.809532165527344, 63.36340522766113, 64.46674346923828, 64.71069717407227, 63.293357849121094, 63.57086372375488, 65.55360794067383, 65.39409255981445, 66.88286209106445, 67.3663330078125, 68.25289154052734, 69.1483268737793, 68.96259307861328, 68.45124435424805, 69.77167510986328, 69.83650207519531, 69.65971755981445, 70.34126281738281, 70.6690673828125, 70.84500885009766, 70.38483428955078, 71.57704544067383, 72.82014083862305, 72.78187561035156, 71.98884201049805, 72.51143646240234, 71.80192184448242, 72.32941055297852, 73.21151351928711, 73.6129379272461, 72.72450256347656, 73.0177993774414, 72.87743377685547, 71.96516418457031, 73.3067626953125, 72.9267807006836, 72.77770233154297, 73.39569854736328, 73.65507507324219, 74.97003173828125, 75.80311965942383, 75.47771453857422, 76.7851676940918], [6.309319972991943, 3.7856218814849854, 0.0, 3.785654306411743, 6.307257890701294, 8.225517272949219, 8.864833354949951, 9.725687026977539, 11.167791366577148, 13.119808197021484, 13.91650104522705, 15.275821208953857, 16.768259048461914, 17.99259090423584, 19.107033729553223, 20.61570167541504, 21.97488307952881, 23.03965473175049, 24.415616035461426, 26.106043815612793, 26.959412574768066, 28.52031135559082, 29.75529670715332, 31.38518238067627, 32.29179573059082, 33.337730407714844, 34.26873207092285, 35.363685607910156, 36.52973175048828, 37.6957950592041, 38.85641288757324, 39.73536491394043, 40.80029487609863, 42.09558296203613, 43.37602996826172, 44.265254974365234, 45.82489776611328, 47.35093307495117, 48.4096794128418, 48.82045555114746, 50.855146408081055, 52.04799270629883, 53.76754951477051, 54.67502403259277, 55.54262733459473, 56.29589080810547, 57.83727836608887, 58.90322494506836, 59.84007453918457, 60.40813064575195, 60.1062126159668, 61.13996887207031, 61.71819877624512, 62.74991798400879, 62.97370147705078, 62.869415283203125, 63.911420822143555, 62.48085403442383, 63.197519302368164, 63.27139663696289, 64.84015274047852, 64.12972640991211, 63.589468002319336, 65.29397964477539, 65.67947769165039, 66.3526611328125, 68.05945205688477, 67.99007034301758, 68.95209503173828, 69.27975463867188, 69.94834899902344, 69.55912399291992, 68.88679885864258, 69.57953262329102, 70.12075805664062, 70.57016372680664, 70.70681381225586, 70.57944107055664, 71.00036239624023, 72.02325439453125, 71.80146408081055, 70.35928344726562, 70.71534729003906, 70.63581848144531, 70.50762557983398, 72.43164443969727, 72.05548477172852, 72.91899871826172, 72.32389068603516, 72.62753677368164, 71.88301849365234, 72.791259765625, 72.38484954833984, 73.5979232788086, 73.39593887329102, 73.13446044921875, 74.31434631347656, 75.07138061523438, 75.11697387695312, 76.22825622558594], [8.72706937789917, 6.3640453815460205, 3.785654306411743, 0.0, 3.785665988922119, 5.436410665512085, 7.586981534957886, 7.746535062789917, 9.170258522033691, 11.10034704208374, 12.014136791229248, 13.213484764099121, 14.789939403533936, 15.752557754516602, 17.023797035217285, 18.85070514678955, 19.932165145874023, 21.117639541625977, 22.780863761901855, 24.106377601623535, 25.19589328765869, 26.741802215576172, 28.199185371398926, 29.71827507019043, 31.214868545532227, 31.89163589477539, 33.09086990356445, 34.28409194946289, 35.71551704406738, 36.767765045166016, 38.04987907409668, 38.87255668640137, 40.46942329406738, 41.36550331115723, 43.20772743225098, 43.840538024902344, 44.2469539642334, 46.629350662231445, 47.09394073486328, 48.04163360595703, 49.537567138671875, 51.32501792907715, 51.920854568481445, 52.907487869262695, 54.480844497680664, 55.27664375305176, 56.24108123779297, 57.86698341369629, 59.01672172546387, 59.64301872253418, 60.76834487915039, 61.60152244567871, 61.62102127075195, 62.849491119384766, 62.894256591796875, 63.04824256896973, 63.20074272155762, 62.75767135620117, 62.94085884094238, 63.36092948913574, 62.71312141418457, 63.44338607788086, 63.897762298583984, 65.3389778137207, 65.75882720947266, 66.59378814697266, 68.91996765136719, 69.23200225830078, 67.95951461791992, 69.22003173828125, 69.13711929321289, 68.53597259521484, 69.70233154296875, 69.10379409790039, 69.93812942504883, 70.02943801879883, 69.79940032958984, 70.14945602416992, 70.18883895874023, 70.31909942626953, 70.20225524902344, 70.19083786010742, 70.39087677001953, 70.65402603149414, 71.07521057128906, 71.35859680175781, 70.46222686767578, 71.46805953979492, 71.58013916015625, 72.29920196533203, 70.90742492675781, 72.19356155395508, 72.5500717163086, 72.62476348876953, 73.06929779052734, 72.82078552246094, 72.88354873657227, 74.11512756347656, 73.94015884399414, 75.50558471679688], [11.156702995300293, 8.542358875274658, 6.307257890701294, 3.785665988922119, 0.0, 3.785655379295349, 5.394238471984863, 6.245904445648193, 7.719975709915161, 9.70647668838501, 10.58274507522583, 11.696575164794922, 13.592461585998535, 14.499256610870361, 15.623647689819336, 17.143590927124023, 18.56484317779541, 19.828124046325684, 21.08388900756836, 22.668987274169922, 24.1203031539917, 25.356863021850586, 26.65232276916504, 28.360239028930664, 29.595969200134277, 30.754401206970215, 32.188907623291016, 33.69219779968262, 35.11496925354004, 35.74698257446289, 37.34590721130371, 37.608938217163086, 39.58233642578125, 41.14721870422363, 42.81855392456055, 43.50271415710449, 44.48280143737793, 45.85846710205078, 46.53282165527344, 46.96268653869629, 48.854501724243164, 49.67479133605957, 51.37822341918945, 52.53672409057617, 53.61132049560547, 54.85604286193848, 55.6073112487793, 56.48248100280762, 57.64055633544922, 59.69504165649414, 60.214643478393555, 60.7004508972168, 61.26325988769531, 61.633352279663086, 62.36558151245117, 62.94889259338379, 63.14596748352051, 62.86322593688965, 62.139244079589844, 62.40094757080078, 62.60903739929199, 64.4958381652832, 65.07499694824219, 65.74650955200195, 67.0120849609375, 66.89715576171875, 68.47645950317383, 69.62639999389648, 69.26521301269531, 69.13409805297852, 68.62817001342773, 68.57839584350586, 68.46728134155273, 68.9687728881836, 69.09616088867188, 69.83072280883789, 69.86493682861328, 69.29631423950195, 69.86564254760742, 69.15352249145508, 69.90058135986328, 71.3804702758789, 70.19963836669922, 71.45283508300781, 70.9958381652832, 70.85429763793945, 71.2419204711914, 71.11348342895508, 72.43307876586914, 71.90765762329102, 72.54570770263672, 73.63544845581055, 73.55013656616211, 72.58601760864258, 74.17549896240234, 73.18667221069336, 73.07207489013672, 73.40308380126953, 75.17533111572266, 76.52415466308594], [12.306309700012207, 9.885071277618408, 8.225517272949219, 5.436410665512085, 3.785655379295349, 0.0, 3.7857290506362915, 5.38800573348999, 6.278482675552368, 8.386033535003662, 9.677260875701904, 10.752880096435547, 11.94056749343872, 13.255324840545654, 14.62075662612915, 16.138497352600098, 16.96932029724121, 18.525772094726562, 19.980801582336426, 21.203068733215332, 22.538737297058105, 24.01901626586914, 25.333928108215332, 26.928887367248535, 28.275426864624023, 29.659053802490234, 30.956181526184082, 32.12455368041992, 33.90998458862305, 35.04523468017578, 36.68587112426758, 36.89491653442383, 39.04542541503906, 40.563642501831055, 41.880258560180664, 42.389875411987305, 43.16722106933594, 44.66713523864746, 46.06644630432129, 47.09231376647949, 48.39371109008789, 49.19560432434082, 50.65558052062988, 51.59094429016113, 53.46072578430176, 54.38164520263672, 55.07760047912598, 55.85753059387207, 57.57131576538086, 58.67329978942871, 59.775596618652344, 61.3919620513916, 61.31076240539551, 61.443735122680664, 61.296613693237305, 61.875762939453125, 61.94217491149902, 61.88508987426758, 62.47836112976074, 62.4296875, 63.03470039367676, 64.15287780761719, 64.50798034667969, 65.08250427246094, 66.10655975341797, 66.79767990112305, 68.00593185424805, 68.14836502075195, 67.95500946044922, 67.76729965209961, 67.88521957397461, 68.51005935668945, 67.93122482299805, 69.89190673828125, 70.55011749267578, 69.85329055786133, 70.88092803955078, 71.08744430541992, 70.44195556640625, 69.54448699951172, 71.3350830078125, 70.52892684936523, 71.12102508544922, 72.12435913085938, 71.57833099365234, 71.7255859375, 71.4288101196289, 71.93386840820312, 71.23526000976562, 72.4170036315918, 72.55865859985352, 73.8312873840332, 74.28290176391602, 73.68788528442383, 74.58954620361328, 73.0470199584961, 73.38842010498047, 75.31951141357422, 75.21668243408203, 76.45547866821289], [13.108892917633057, 10.684583187103271, 8.864833354949951, 7.586981534957886, 5.394238471984863, 3.7857290506362915, 0.0, 3.785659074783325, 5.432002067565918, 6.812640428543091, 8.613214492797852, 10.24097204208374, 11.112459182739258, 11.612054824829102, 13.31795072555542, 14.79340648651123, 15.641817569732666, 16.86021614074707, 18.685813903808594, 19.915058135986328, 21.02114772796631, 22.634504318237305, 24.112494468688965, 25.6827974319458, 26.894644737243652, 28.235868453979492, 29.810690879821777, 30.85773754119873, 32.322509765625, 33.69217109680176, 35.08241081237793, 35.675283432006836, 37.27389144897461, 38.658002853393555, 40.03264808654785, 41.34745407104492, 42.37362861633301, 43.578561782836914, 44.59585762023926, 45.074527740478516, 46.765790939331055, 46.89008331298828, 48.85478210449219, 50.52970314025879, 51.7690544128418, 54.03457260131836, 54.32424736022949, 54.780052185058594, 56.64145469665527, 58.61287498474121, 58.96201705932617, 59.78176498413086, 60.44340133666992, 61.179758071899414, 60.66706657409668, 60.710222244262695, 61.29359245300293, 60.74151802062988, 61.46942329406738, 62.318552017211914, 62.74109077453613, 63.073286056518555, 64.3033332824707, 63.940948486328125, 64.54359436035156, 66.3969841003418, 67.51220703125, 68.30369186401367, 68.7017593383789, 68.28782272338867, 66.83860778808594, 68.54668426513672, 68.32338333129883, 68.83151245117188, 69.39290618896484, 68.91997146606445, 69.37093353271484, 69.13340759277344, 69.78767013549805, 69.30727005004883, 70.70109939575195, 72.10823440551758, 71.75883102416992, 72.49518966674805, 72.45843505859375, 71.60969543457031, 72.95590591430664, 72.44807052612305, 71.55537033081055, 72.52642059326172, 72.82673645019531, 73.51200485229492, 74.10217666625977, 74.98627853393555, 74.58888626098633, 74.07332229614258, 74.10613632202148, 74.84192657470703, 75.78839874267578, 76.28232955932617], [14.017648220062256, 11.766664028167725, 9.725687026977539, 7.746535062789917, 6.245904445648193, 5.38800573348999, 3.785659074783325, 0.0, 3.7856069803237915, 5.4172468185424805, 6.5121448040008545, 8.182853698730469, 9.509897232055664, 10.036281108856201, 11.13513469696045, 13.133315563201904, 14.340418815612793, 15.351619243621826, 16.748055458068848, 18.551499366760254, 19.758264541625977, 20.85532569885254, 22.454707145690918, 24.192495346069336, 25.41832447052002, 26.721854209899902, 28.163026809692383, 29.439322471618652, 30.905466079711914, 32.133121490478516, 33.71505165100098, 34.45180702209473, 36.1755313873291, 37.76211357116699, 39.138099670410156, 40.20476150512695, 40.682024002075195, 42.453351974487305, 43.20266342163086, 43.60759735107422, 45.54134178161621, 46.32539939880371, 47.64383888244629, 49.387502670288086, 50.05359077453613, 52.439361572265625, 53.60487174987793, 54.404632568359375, 56.52795600891113, 58.08807373046875, 58.32044792175293, 58.74368095397949, 59.77512741088867, 60.010250091552734, 59.919294357299805, 59.554372787475586, 60.251359939575195, 60.09233474731445, 61.143333435058594, 61.45502853393555, 61.65187644958496, 62.773916244506836, 63.60758018493652, 64.15559577941895, 64.92010116577148, 65.66645812988281, 67.20003128051758, 67.73562240600586, 67.52227783203125, 67.5952262878418, 67.51860427856445, 68.71318817138672, 68.06187057495117, 68.6586799621582, 69.202392578125, 68.4478874206543, 68.86347961425781, 69.32098770141602, 69.3279914855957, 69.27035140991211, 70.4832649230957, 71.85641860961914, 70.73165893554688, 71.72509765625, 71.8546371459961, 71.30395126342773, 72.31051635742188, 73.31508255004883, 72.71017074584961, 74.54325103759766, 73.88237380981445, 75.35835647583008, 74.52205276489258, 75.96285629272461, 75.15533447265625, 74.94570541381836, 75.01713562011719, 75.58533477783203, 75.98220443725586, 76.39712905883789], [15.979234218597412, 13.551479816436768, 11.167791366577148, 9.170258522033691, 7.719975709915161, 6.278482675552368, 5.432002067565918, 3.7856069803237915, 0.0, 3.7857003211975098, 5.422724485397339, 6.585763454437256, 8.064052104949951, 8.923044204711914, 10.106333255767822, 11.764306545257568, 12.964677333831787, 14.254486560821533, 15.372586727142334, 16.912524223327637, 18.462702751159668, 19.723350524902344, 20.95802879333496, 22.717958450317383, 24.082489013671875, 25.252643585205078, 26.89842987060547, 28.171950340270996, 29.746283531188965, 31.121127128601074, 32.896995544433594, 33.37176322937012, 34.71277618408203, 36.255615234375, 38.10553169250488, 39.66201210021973, 40.05112075805664, 41.23786735534668, 42.087554931640625, 43.49736976623535, 45.642709732055664, 46.50915718078613, 48.19790840148926, 48.83524513244629, 50.97462272644043, 52.166128158569336, 53.10196113586426, 53.82449722290039, 54.637224197387695, 56.84297180175781, 57.20910835266113, 57.68748092651367, 58.607208251953125, 59.658273696899414, 58.462602615356445, 58.90979194641113, 60.08330535888672, 59.938167572021484, 60.763532638549805, 60.5018424987793, 60.06932258605957, 62.49142646789551, 62.19577217102051, 63.56352424621582, 64.13464736938477, 65.0851058959961, 66.12535858154297, 66.7142333984375, 66.30772399902344, 66.75178909301758, 67.579833984375, 67.90468215942383, 68.42217636108398, 68.37076950073242, 68.07376861572266, 68.62773895263672, 69.07083892822266, 69.48821258544922, 69.74840545654297, 69.81348419189453, 69.70161437988281, 70.42073822021484, 70.20085906982422, 71.95684814453125, 70.54132080078125, 72.14226913452148, 71.68424224853516, 71.8158187866211, 72.13278198242188, 73.54829025268555, 74.15852737426758, 74.5711898803711, 73.84231185913086, 74.35329055786133, 74.41018295288086, 74.11880874633789, 73.9509391784668, 74.20286560058594, 75.08321380615234, 75.28070449829102], [17.11795997619629, 14.765167713165283, 13.119808197021484, 11.10034704208374, 9.70647668838501, 8.386033535003662, 6.812640428543091, 5.4172468185424805, 3.7857003211975098, 0.0, 3.78568434715271, 5.441570997238159, 6.079845905303955, 6.49189305305481, 8.722402572631836, 10.121444702148438, 10.853270053863525, 12.557425498962402, 14.115432739257812, 15.276300430297852, 16.597599029541016, 18.197941780090332, 19.642979621887207, 21.123196601867676, 22.432096481323242, 23.696764945983887, 25.231703758239746, 26.554094314575195, 27.87784194946289, 29.132343292236328, 31.0633487701416, 31.457571029663086, 33.38846969604492, 34.405418395996094, 36.5425910949707, 37.48623275756836, 38.52755546569824, 39.58332443237305, 41.591379165649414, 41.87730598449707, 43.52406311035156, 44.17644119262695, 46.27902603149414, 47.49218559265137, 49.075979232788086, 50.6453914642334, 51.93181228637695, 53.97101402282715, 55.36666297912598, 56.0781364440918, 56.68865203857422, 57.48657989501953, 57.55221748352051, 58.409671783447266, 58.2614631652832, 58.55099868774414, 59.7823429107666, 59.438602447509766, 59.80765914916992, 60.32672309875488, 60.04051399230957, 60.583927154541016, 60.80327606201172, 62.12908172607422, 62.94036674499512, 63.73771667480469, 64.98689270019531, 65.65928268432617, 65.25186538696289, 66.14052963256836, 67.0914421081543, 67.16460037231445, 67.33697509765625, 67.42565155029297, 68.28824615478516, 67.09241104125977, 68.62771606445312, 68.06689834594727, 68.59798431396484, 69.27665328979492, 69.53976821899414, 70.19649124145508, 69.29626083374023, 70.79072952270508, 71.83045959472656, 70.99689483642578, 71.77574920654297, 72.36345672607422, 72.64288330078125, 73.52079010009766, 74.22976303100586, 73.41919708251953, 73.62150192260742, 74.35304641723633, 73.67784881591797, 72.4946060180664, 74.21779251098633, 73.46903228759766, 75.07249450683594, 75.44761276245117], [18.045409202575684, 15.864987850189209, 13.91650104522705, 12.014136791229248, 10.58274507522583, 9.677260875701904, 8.613214492797852, 6.5121448040008545, 5.422724485397339, 3.78568434715271, 0.0, 3.785693049430847, 5.339222431182861, 5.032743453979492, 6.394349575042725, 8.704695701599121, 9.742684364318848, 10.638806343078613, 12.41310977935791, 14.18254041671753, 15.163093090057373, 16.442126274108887, 18.277073860168457, 19.872102737426758, 21.151450157165527, 22.35208511352539, 23.908666610717773, 25.234703063964844, 26.668155670166016, 28.18318748474121, 29.64999294281006, 30.45820140838623, 32.13327407836914, 33.87058448791504, 35.71047782897949, 36.789236068725586, 37.50526237487793, 39.061880111694336, 40.0118350982666, 41.35959815979004, 43.1289176940918, 44.07805252075195, 45.70998191833496, 47.527225494384766, 48.54180717468262, 50.997901916503906, 51.661922454833984, 53.36780548095703, 54.133426666259766, 54.70232582092285, 56.0051383972168, 55.706350326538086, 56.52537727355957, 56.89027404785156, 57.92325782775879, 58.23103332519531, 58.3820743560791, 58.41080665588379, 59.670310974121094, 59.94080924987793, 59.356361389160156, 59.329721450805664, 60.80282783508301, 63.00752639770508, 63.3697624206543, 64.1948013305664, 64.46710586547852, 64.7264518737793, 64.7568359375, 65.35685729980469, 66.73956298828125, 67.78097915649414, 67.3903694152832, 67.32215118408203, 68.07875061035156, 66.84971618652344, 67.87383270263672, 67.76576614379883, 68.55635452270508, 68.61188125610352, 68.60935974121094, 69.47076797485352, 69.25008773803711, 70.75122833251953, 71.69134902954102, 72.23183059692383, 72.04187393188477, 73.23110580444336, 74.04053115844727, 74.48234558105469, 73.16305923461914, 73.46159744262695, 74.09691619873047, 75.60164260864258, 75.31071472167969, 72.83799743652344, 74.38132095336914, 73.80229949951172, 75.51940155029297, 76.1766471862793], [19.62932586669922, 17.37994956970215, 15.275821208953857, 13.213484764099121, 11.696575164794922, 10.752880096435547, 10.24097204208374, 8.182853698730469, 6.585763454437256, 5.441570997238159, 3.785693049430847, 0.0, 3.7856485843658447, 5.377246856689453, 5.068700075149536, 6.475449085235596, 8.802536010742188, 9.797098636627197, 10.589655876159668, 12.446156024932861, 14.197466850280762, 15.133874416351318, 16.419116020202637, 18.39211368560791, 19.70967388153076, 20.84045124053955, 22.359363555908203, 23.987154006958008, 25.546634674072266, 26.620760917663574, 28.316984176635742, 29.251474380493164, 30.997776985168457, 32.65138626098633, 34.53981590270996, 35.610374450683594, 36.81385803222656, 38.68345832824707, 39.65051460266113, 40.89932060241699, 42.89010810852051, 43.4497184753418, 44.463871002197266, 46.191017150878906, 48.13889122009277, 50.067955017089844, 51.877960205078125, 53.13749122619629, 54.37771987915039, 54.99575614929199, 54.77778625488281, 54.95889091491699, 56.07757568359375, 56.269630432128906, 57.11691474914551, 57.83454895019531, 57.65365982055664, 58.7893180847168, 59.04012680053711, 58.77787208557129, 59.035709381103516, 59.99020767211914, 61.129499435424805, 61.53306770324707, 62.01806831359863, 63.206892013549805, 64.22514724731445, 65.37197494506836, 65.24392318725586, 65.20648193359375, 66.18790817260742, 66.5252685546875, 66.08258056640625, 66.61493301391602, 67.06964874267578, 66.87948989868164, 68.06666946411133, 68.20540618896484, 69.25524139404297, 68.22063064575195, 68.76869201660156, 69.64617919921875, 70.34143447875977, 71.98564529418945, 72.3258056640625, 73.46815490722656, 72.11423110961914, 72.552490234375, 73.2098388671875, 74.44298553466797, 74.18387985229492, 73.26900482177734, 74.66469192504883, 75.22179412841797, 74.04866027832031, 73.94335556030273, 74.10746383666992, 73.65239715576172, 75.27202224731445, 76.099609375], [21.03890323638916, 18.775782585144043, 16.768259048461914, 14.789939403533936, 13.592461585998535, 11.94056749343872, 11.112459182739258, 9.509897232055664, 8.064052104949951, 6.079845905303955, 5.339222431182861, 3.7856485843658447, 0.0, 3.7856435775756836, 5.352181434631348, 5.08567476272583, 6.481014251708984, 8.781816959381104, 9.802903175354004, 10.612070083618164, 12.548121929168701, 14.196489810943604, 15.127678394317627, 16.739978790283203, 18.471193313598633, 19.72738265991211, 20.8983736038208, 22.47825050354004, 24.385485649108887, 25.433717727661133, 27.114218711853027, 27.919240951538086, 29.919334411621094, 31.315383911132812, 33.13751983642578, 34.364274978637695, 35.39912414550781, 36.839908599853516, 39.15151023864746, 39.48820495605469, 41.436540603637695, 42.147621154785156, 44.47894477844238, 46.06863021850586, 47.40634536743164, 49.61581230163574, 50.85477066040039, 52.825599670410156, 53.93914031982422, 53.67532157897949, 54.19232940673828, 54.53277778625488, 55.13127899169922, 56.347463607788086, 56.5879020690918, 57.29972267150879, 57.507951736450195, 57.64739418029785, 59.73147010803223, 58.63254737854004, 59.29133224487305, 59.98141098022461, 60.10768699645996, 61.0449104309082, 61.86777114868164, 61.50637435913086, 62.97689628601074, 63.78261947631836, 64.16054916381836, 64.85182571411133, 65.65030288696289, 65.48197174072266, 65.25469207763672, 66.6635971069336, 65.9344711303711, 66.0335922241211, 68.0349006652832, 68.38771438598633, 68.59337615966797, 68.67501449584961, 68.60081100463867, 69.31827163696289, 69.53990936279297, 70.98651885986328, 72.17950439453125, 71.43798828125, 72.02997970581055, 71.7628402709961, 72.43503189086914, 73.03462219238281, 72.8803482055664, 72.66433334350586, 73.28521347045898, 73.37073516845703, 73.95068359375, 74.12044143676758, 74.40199661254883, 73.71600341796875, 74.69513320922852, 76.54075622558594], [21.89943790435791, 19.49546241760254, 17.99259090423584, 15.752557754516602, 14.499256610870361, 13.255324840545654, 11.612054824829102, 10.036281108856201, 8.923044204711914, 6.49189305305481, 5.032743453979492, 5.377246856689453, 3.7856435775756836, 0.0, 3.785665988922119, 5.347978353500366, 5.087623119354248, 6.452760696411133, 8.750741004943848, 9.84306001663208, 10.725598812103271, 12.482361793518066, 14.135032653808594, 15.525166988372803, 16.983742713928223, 18.575472831726074, 19.81818675994873, 21.06613540649414, 22.824583053588867, 24.34141445159912, 25.721315383911133, 26.59476947784424, 28.638431549072266, 30.08879566192627, 31.856033325195312, 32.817169189453125, 34.31404685974121, 35.84187889099121, 37.61104774475098, 38.542476654052734, 39.92098426818848, 40.99992561340332, 43.22070121765137, 45.37801742553711, 46.48176383972168, 49.20096015930176, 49.76355743408203, 51.55323600769043, 53.36313247680664, 52.89487648010254, 53.51699447631836, 53.21490287780762, 54.59419059753418, 56.16053581237793, 55.965890884399414, 55.817138671875, 56.381826400756836, 56.92532920837402, 57.99460220336914, 58.207889556884766, 57.855363845825195, 58.089223861694336, 59.642324447631836, 60.304134368896484, 60.89984703063965, 60.48908233642578, 61.53151321411133, 62.35143852233887, 63.15713310241699, 64.1058464050293, 64.56431198120117, 65.04231262207031, 64.4338493347168, 64.94580078125, 65.62237167358398, 65.68425369262695, 66.16268920898438, 66.57307434082031, 67.04890060424805, 67.03791427612305, 67.85823822021484, 68.13028717041016, 68.71664047241211, 69.79095840454102, 71.05680084228516, 71.39776229858398, 71.61069107055664, 71.75348281860352, 71.90449905395508, 71.89402389526367, 72.6008529663086, 72.7166633605957, 72.35667419433594, 73.27512741088867, 74.1960334777832, 72.57622528076172, 74.52376556396484, 75.06795501708984, 76.3207015991211, 76.58741760253906], [22.72616481781006, 20.898228645324707, 19.107033729553223, 17.023797035217285, 15.623647689819336, 14.62075662612915, 13.31795072555542, 11.13513469696045, 10.106333255767822, 8.722402572631836, 6.394349575042725, 5.068700075149536, 5.352181434631348, 3.785665988922119, 0.0, 3.785797119140625, 5.339670419692993, 5.062521696090698, 6.473636627197266, 8.765594959259033, 9.792827606201172, 10.668343544006348, 12.526116371154785, 14.473740577697754, 15.70301103591919, 16.931706428527832, 18.46120548248291, 19.800890922546387, 21.229896545410156, 22.697219848632812, 24.421485900878906, 25.580862045288086, 27.29904079437256, 28.973105430603027, 30.810860633850098, 32.522592544555664, 34.116865158081055, 35.95035171508789, 37.23391342163086, 38.09842872619629, 39.959455490112305, 41.72550582885742, 42.89235877990723, 45.03310775756836, 46.457197189331055, 48.542856216430664, 49.519100189208984, 51.416961669921875, 52.10493850708008, 52.965389251708984, 53.75552749633789, 53.77164268493652, 54.359601974487305, 54.81283760070801, 55.9737663269043, 56.36223030090332, 56.35548400878906, 56.52182197570801, 57.21794509887695, 57.70158576965332, 57.83613967895508, 57.3693790435791, 58.58646583557129, 60.32916450500488, 60.57345199584961, 61.19394493103027, 61.225202560424805, 62.38945007324219, 62.959280014038086, 63.51994705200195, 63.38856506347656, 63.96810340881348, 63.936824798583984, 65.02572250366211, 65.93647003173828, 65.54832077026367, 67.0002212524414, 67.49786376953125, 67.72140884399414, 67.41570281982422, 67.8556900024414, 68.39891815185547, 68.67383193969727, 69.42322540283203, 70.14583969116211, 71.28125, 71.4698257446289, 71.62451553344727, 71.96699142456055, 73.12423706054688, 72.60654067993164, 72.89306640625, 73.5225601196289, 73.99332046508789, 74.19268798828125, 74.02393341064453, 74.95983123779297, 75.4540901184082, 76.16379165649414, 75.93930053710938], [24.29428195953369, 22.693238258361816, 20.61570167541504, 18.85070514678955, 17.143590927124023, 16.138497352600098, 14.79340648651123, 13.133315563201904, 11.764306545257568, 10.121444702148438, 8.704695701599121, 6.475449085235596, 5.08567476272583, 5.347978353500366, 3.785797119140625, 0.0, 3.785689949989319, 5.398275136947632, 5.07828950881958, 6.406161546707153, 8.710710048675537, 9.845619201660156, 10.62315559387207, 12.586506366729736, 14.273230075836182, 15.4767484664917, 16.87100124359131, 18.538186073303223, 20.3672513961792, 21.433183670043945, 23.27229595184326, 24.15651035308838, 26.201008796691895, 27.67025089263916, 29.66040325164795, 31.234766960144043, 32.98384094238281, 34.60228157043457, 36.20592498779297, 37.1540412902832, 39.34482765197754, 40.57341957092285, 42.54406929016113, 44.01588821411133, 46.11007118225098, 47.5234489440918, 49.155704498291016, 50.627235412597656, 51.55184745788574, 52.26911926269531, 53.394527435302734, 53.22282600402832, 54.314266204833984, 54.23971748352051, 55.105512619018555, 56.40908622741699, 57.29877281188965, 57.23793029785156, 57.47066879272461, 57.84390830993652, 57.782548904418945, 57.90878868103027, 58.41879844665527, 59.720964431762695, 59.96189880371094, 60.61790657043457, 61.170352935791016, 62.37036895751953, 62.47042274475098, 63.53355598449707, 63.15872001647949, 62.6509895324707, 63.394222259521484, 63.53276062011719, 64.75587463378906, 65.36260604858398, 65.97455978393555, 66.2287483215332, 67.48797607421875, 68.58391952514648, 68.99709701538086, 68.41941833496094, 68.5167465209961, 69.49477767944336, 70.77153015136719, 71.22006225585938, 71.12098693847656, 71.81222534179688, 71.60944747924805, 71.94124984741211, 72.5222396850586, 72.44682693481445, 72.48159408569336, 72.32632064819336, 73.56204986572266, 74.34066009521484, 75.34340286254883, 74.02502822875977, 74.95855331420898, 76.04374313354492], [25.558911323547363, 23.702486991882324, 21.97488307952881, 19.932165145874023, 18.56484317779541, 16.96932029724121, 15.641817569732666, 14.340418815612793, 12.964677333831787, 10.853270053863525, 9.742684364318848, 8.802536010742188, 6.481014251708984, 5.087623119354248, 5.339670419692993, 3.785689949989319, 0.0, 3.785629153251648, 5.371693134307861, 5.089154243469238, 6.509653329849243, 8.815372467041016, 9.796300888061523, 10.99972152709961, 12.844928741455078, 14.382866859436035, 15.54032039642334, 16.935168266296387, 18.83931827545166, 20.232914924621582, 21.862990379333496, 22.835718154907227, 25.005026817321777, 26.32795524597168, 28.390685081481934, 29.473271369934082, 31.214991569519043, 32.79636001586914, 34.574697494506836, 35.85785102844238, 38.197805404663086, 39.37374496459961, 41.45736503601074, 43.29565620422363, 45.340524673461914, 47.121856689453125, 48.40147018432617, 50.523019790649414, 50.373252868652344, 51.43436622619629, 52.18368721008301, 53.632333755493164, 52.879329681396484, 53.98451805114746, 54.83478355407715, 55.17219161987305, 55.961219787597656, 55.82772445678711, 56.58102035522461, 56.747758865356445, 57.16561317443848, 57.516693115234375, 58.868234634399414, 59.08122634887695, 60.14108657836914, 59.67038345336914, 60.595232009887695, 61.534149169921875, 62.80523109436035, 63.0051326751709, 62.29129981994629, 61.628889083862305, 61.67387580871582, 62.4035758972168, 63.96267127990723, 64.57925415039062, 64.81618881225586, 65.98488235473633, 66.35832595825195, 66.55602264404297, 67.64740753173828, 67.01062774658203, 67.69411849975586, 68.56060409545898, 68.97320175170898, 69.68124771118164, 70.45859909057617, 71.22753524780273, 70.5612564086914, 70.8836669921875, 71.39669799804688, 71.73711013793945, 71.29484939575195, 70.83467102050781, 72.47378158569336, 72.86163711547852, 73.73623275756836, 74.80032730102539, 74.6263427734375, 74.39107131958008], [26.58126735687256, 24.866470336914062, 23.03965473175049, 21.117639541625977, 19.828124046325684, 18.525772094726562, 16.86021614074707, 15.351619243621826, 14.254486560821533, 12.557425498962402, 10.638806343078613, 9.797098636627197, 8.781816959381104, 6.452760696411133, 5.062521696090698, 5.398275136947632, 3.785629153251648, 0.0, 3.7855896949768066, 5.363054037094116, 5.074687242507935, 6.460920333862305, 8.795644760131836, 10.139458179473877, 11.8381028175354, 13.345160007476807, 14.636492729187012, 16.0069317817688, 17.55326557159424, 19.12290859222412, 20.34204387664795, 21.66637897491455, 23.801273345947266, 25.22841739654541, 27.221065521240234, 29.120741844177246, 30.46719741821289, 32.726417541503906, 33.70392